 1 1 0 0 0 0 1 0 0 1 0 0 0 0 1 0 0
 1 1 0 0 0 0 1 0 0 0 0 1 0 0 0 0 1
 1 1 0 0 0 1 0 0 0 1 0 0 0 1 0 0 0
 1 1 0 0 0 1 0 0 0 0 0 1 0 0 0 1 0
 1 0 1 0 0 0 1 0 0 0 1 0 0 0 1 0 0
 1 0 1 0 0 0 1 0 0 0 0 0 1 0 0 0 1
 1 0 1 0 0 1 0 0 0 0 1 0 0 1 0 0 0
 1 0 1 0 0 1 0 0 0 0 0 0 1 0 0 1 0
 1 0 0 1 0 0 0 0 1 0 0 1 0 0 0 0 1
 1 0 0 1 0 0 0 0 1 1 0 0 0 0 1 0 0
 1 0 0 1 0 0 0 1 0 0 0 1 0 0 0 1 0
 1 0 0 1 0 0 0 1 0 1 0 0 0 1 0 0 0
 1 0 0 0 1 0 0 1 0 0 1 0 0 1 0 0 0
 1 0 0 0 1 0 0 1 0 0 0 0 1 0 0 1 0
 1 0 0 0 1 0 0 0 1 0 1 0 0 0 1 0 0
 1 0 0 0 1 0 0 0 1 0 0 0 1 0 0 0 1
 1 .5 0 0 .5 .5 0 0 .5 0 .5 .5 0 .5 0 0 .5
 1 .5 0 0 .5 .5 0 0 .5 .5 0 0 .5 0 .5 .5 0
 1 .5 0 0 .5 0 .5 .5 0 0 .5 .5 0 0 .5 .5 0
 1 .5 0 0 .5 0 .5 .5 0 .5 0 0 .5 .5 0 0 .5
 1 0 .5 .5 0 0 .5 .5 0 0 .5 .5 0 .5 0 0 .5
 1 0 .5 .5 0 0 .5 .5 0 .5 0 0 .5 0 .5 .5 0
 1 0 .5 .5 0 .5 0 0 .5 0 .5 .5 0 0 .5 .5 0
 1 0 .5 .5 0 .5 0 0 .5 .5 0 0 .5 .5 0 0 .5


with(simplex):
with(linalg): 
with(LinearAlgebra):

nlb := (1/4)*Matrix([[1+a+c+phi[1], 1+a-c-phi[1], 1-a+c-phi[1], 1-a-c+phi[1]], [1+a+d+phi[2], 1+a-d-phi[2], 1-a+d-phi[2], 1-a-d+phi[2]], [1+b+c+phi[3], 1+b-c-phi[3], 1-b+c-phi[3], 1-b-c+phi[3]], [1+b+d+phi[4], 1+b-d-phi[4], 1-b+d-phi[4], 1-b-d+phi[4]]]);

v := simplify(nlb(1, 1)+nlb(1, 4)-nlb(1, 2)-nlb(1, 3)+nlb(2, 1)+nlb(2, 4)-nlb(2, 2)-nlb(2, 3)+nlb(3, 1)+nlb(3, 4)-nlb(3, 2)-nlb(3, 3)-nlb(4, 1)-nlb(4, 4)+nlb(4, 2)+nlb(4, 3));

C := [nlb(1, 1) <= 1, -nlb(1, 1) <= 0, nlb(1, 2) <= 1, -nlb(1, 2) <= 0, nlb(1, 3) <= 1, -nlb(1, 3) <= 0, nlb(1, 4) <= 1, -nlb(1, 4) <= 0, nlb(2, 1) <= 1, -nlb(2, 1) <= 0, nlb(2, 2) <= 1, -nlb(2, 2) <= 0, nlb(2, 3) <= 1, -nlb(2, 3) <= 0, nlb(2, 4) <= 1, -nlb(2, 4) <= 0, nlb(3, 1) <= 1, -nlb(3, 1) <= 0, nlb(3, 2) <= 1, -nlb(3, 2) <= 0, nlb(3, 3) <= 1, -nlb(3, 3) <= 0, nlb(3, 4) <= 1, -nlb(3, 4) <= 0, nlb(4, 1) <= 1, -nlb(4, 1) <= 0, nlb(4, 2) <= 1, -nlb(4, 2) <= 0, nlb(4, 3) <= 1, -nlb(4, 3) <= 0, nlb(4, 4) <= 1, -nlb(4, 4) <= 0, v <= 3.6, a >= 0.1e-1, a <= 0.1e-1, b >= 0.1e-1, b <= 0.1e-1, c >= 0.1e-1, c <= 0.1e-1, d >= 0.1e-1, d <= 0.1e-1];

maximize(v, C);
a := 0.1e-1; 
b := 0.1e-1; 
c := 0.1e-1; 
d := 0.1e-1; 
phi[1] := 1; 
phi[2] := 1; 
phi[3] := .62; 
phi[4] := -.98;

add(nlb(1, k), k = 1 .. 4); 
add(nlb(2, k), k = 1 .. 4); 
add(nlb(3, k), k = 1 .. 4); 
add(nlb(4, k), k = 1 .. 4);
=========================================================
nlb := (1/4)*Matrix([[1+a+c+delta, 1+a-c-delta, 1-a+c-delta, 1-a-c+delta], [1+a+d+delta, 1+a-d-delta, 1-a+d-delta, 1-a-d+delta], [1+b+c+delta, 1+b-c-delta, 1-b+c-delta, 1-b-c+delta], [1+b+d+epsilon, 1+b-d-epsilon, 1-b+d-epsilon, 1-b-d+epsilon]]);
 v := simplify(nlb(1, 1)+nlb(1, 4)-nlb(1, 2)-nlb(1, 3)+nlb(2, 1)+nlb(2, 4)-nlb(2, 2)-nlb(2, 3)+nlb(3, 1)+nlb(3, 4)-nlb(3, 2)-nlb(3, 3)-nlb(4, 1)-nlb(4, 4)+nlb(4, 2)+nlb(4, 3)); 
C := [nlb(1, 1) <= 1, -nlb(1, 1) <= 0, nlb(1, 2) <= 1, -nlb(1, 2) <= 0, nlb(1, 3) <= 1, -nlb(1, 3) <= 0, nlb(1, 4) <= 1, -nlb(1, 4) <= 0, nlb(2, 1) <= 1, -nlb(2, 1) <= 0, nlb(2, 2) <= 1, -nlb(2, 2) <= 0, nlb(2, 3) <= 1, -nlb(2, 3) <= 0, nlb(2, 4) <= 1, -nlb(2, 4) <= 0, nlb(3, 1) <= 1, -nlb(3, 1) <= 0, nlb(3, 2) <= 1, -nlb(3, 2) <= 0, nlb(3, 3) <= 1, -nlb(3, 3) <= 0, nlb(3, 4) <= 1, -nlb(3, 4) <= 0, nlb(4, 1) <= 1, -nlb(4, 1) <= 0, nlb(4, 2) <= 1, -nlb(4, 2) <= 0, nlb(4, 3) <= 1, -nlb(4, 3) <= 0, nlb(4, 4) <= 1, -nlb(4, 4) <= 0, v <= 3.6, a >= 0.1e-1, a <= 0.1e-1, b >= 0.1e-1, b <= 0.1e-1, c >= 0.1e-1, c <= 0.1e-1, d >= 0.1e-1, d <= 0.1e-1]