* cdd+: Double Description Method in C++:Version 0.76a1 (June 8, 1999)
* Copyright (C) 1999, Komei Fukuda, fukuda@ifor.math.ethz.ch
* Compiled for Rational Exact Arithmetic with GMP
*Input File:ghz2.ine(97x33)
*HyperplaneOrder: LexMin
*Degeneracy preknowledge for computation: None (possible degeneracy)
*Vertex/Ray enumeration is chosen.
*Computation completed at Iteration 62.
*Computation starts     at Mon Jun  5 23:53:42 2006
*            terminates at Tue Jun  6 03:45:09 2006
*Total processor time = 13887 seconds
*                     = 3h 51m 27s
*FINAL RESULT:
*Number of Vertices =988, Rays =0
V-representation
begin
988  33  rational
 1 1 0 0 0 0 0 0 0 0 0 0 0 1 0 0 0 0 0 1 0 0 0 0 0 0 0 1 0 0 0 0 0
 1 1 0 0 0 0 0 0 0 0 0 0 0 0 1 0 0 1 0 0 0 0 0 0 0 0 1 0 0 0 0 0 0
 1 1 0 0 0 0 0 0 0 0 1 0 0 0 0 0 0 0 0 0 0 1 0 0 0 0 1 0 0 0 0 0 0
 1 1 0 0 0 0 0 0 0 0 1 0 0 0 0 0 0 0 0 1 0 0 0 0 0 0 0 0 0 0 0 0 1
 1 1 0 0 0 0 0 0 0 1 0 0 0 0 0 0 0 1 0 0 0 0 0 0 0 0 0 0 0 1 0 0 0
 1 1 0 0 0 0 0 0 0 1 0 0 0 0 0 0 0 0 0 0 0 0 0 1 0 0 0 1 0 0 0 0 0
 1 1/2 0 0 0 0 0 1/2 0 0 1/2 0 0 0 0 1/2 0 1/2 0 1/2 0 0 0 0 0 0 1/2 1/2 0 0 0 0 0
 1 1/2 0 0 0 0 0 1/2 0 1/2 0 0 0 0 0 0 1/2 1/2 0 1/2 0 0 0 0 0 0 1/2 1/2 0 0 0 0 0
 1 1/2 0 0 0 0 1/2 0 0 1/2 1/2 0 0 0 0 0 0 0 0 1/2 0 0 1/2 0 0 0 1/2 1/2 0 0 0 0 0
 1 1/2 0 0 0 0 1/2 0 0 1/2 1/2 0 0 0 0 0 0 1/2 0 0 0 0 0 0 1/2 0 1/2 1/2 0 0 0 0 0
 1 1 0 0 0 0 0 0 0 1/2 1/2 0 0 0 0 0 0 1/2 0 1/2 0 0 0 0 0 0 1/2 1/2 0 0 0 0 0
 1 1/2 0 0 0 1/2 0 0 0 1/2 1/2 0 0 0 0 0 0 1/2 0 1/2 0 0 0 0 0 0 0 1/2 0 0 1/2 0 0
 1 1/2 0 0 0 1/2 0 0 0 1/2 1/2 0 0 0 0 0 0 1/2 0 1/2 0 0 0 0 0 0 1/2 0 0 0 0 1/2 0
 1 1/2 0 0 0 0 0 0 1/2 0 1/2 0 1/2 0 0 0 0 0 0 1/2 0 0 1/2 0 0 0 1/2 0 1/2 0 0 0 0
 1 1/2 0 0 0 0 0 0 1/2 0 1/2 1/2 0 0 0 0 0 0 1/2 1/2 0 0 0 0 0 0 0 0 1/2 1/2 0 0 0
 1 1/2 0 0 0 0 0 0 1/2 0 1/2 0 0 0 0 1/2 0 0 0 1/2 1/2 0 0 0 0 0 0 1/2 1/2 0 0 0 0
 1 2/3 0 0 0 0 0 0 1/3 0 2/3 0 0 0 0 1/3 0 0 0 2/3 0 0 1/3 0 0 0 1/3 1/3 1/3 0 0 0 0
 1 1/2 0 0 0 0 0 0 1/2 1/2 0 0 1/2 0 0 0 0 1/2 0 0 1/2 0 0 0 0 1/2 0 0 0 0 0 0 1/2
 1 1/2 0 0 0 0 0 0 1/2 1/2 0 1/2 0 0 0 0 0 1/2 0 0 0 0 0 0 1/2 1/2 0 1/2 0 0 0 0 0
 1 1/2 0 0 0 0 0 0 1/2 1/2 0 0 0 0 0 0 1/2 1/2 1/2 0 0 0 0 0 0 1/2 1/2 0 0 0 0 0 0
 1 2/3 0 0 0 0 0 0 1/3 2/3 0 0 0 0 0 0 1/3 2/3 0 0 0 0 0 0 1/3 1/3 1/3 1/3 0 0 0 0 0
 1 1/2 0 0 1/2 0 0 0 0 1/2 0 1/2 0 0 0 0 0 0 0 1/2 0 0 1/2 0 0 0 0 1/2 0 1/2 0 0 0
 1 1/2 0 0 1/2 0 0 0 0 0 1/2 0 0 0 0 1/2 0 1/2 1/2 0 0 0 0 0 0 0 1/2 0 0 1/2 0 0 0
 1 1/2 0 0 1/2 0 0 0 0 0 1/2 0 0 0 0 1/2 0 0 1/2 0 0 0 0 1/2 0 0 1/2 1/2 0 0 0 0 0
 1 1/2 0 0 1/2 0 0 0 0 0 1/2 0 1/2 0 0 0 0 1/2 0 0 0 0 0 0 1/2 0 1/2 0 0 0 0 0 1/2
 1 1/2 0 0 1/2 0 0 0 0 1/2 0 0 0 0 0 0 1/2 0 0 0 1/2 1/2 0 0 0 0 1/2 1/2 0 0 0 0 0
 1 1/2 0 0 1/2 0 0 0 0 1/2 0 0 0 0 0 0 1/2 0 0 1/2 1/2 0 0 0 0 0 0 1/2 0 0 0 0 1/2
 1 1/2 0 0 1/2 0 0 0 0 1/2 0 1/2 0 0 0 0 0 0 0 0 1/2 1/2 0 0 0 0 0 1/2 0 1/2 0 0 0
 1 1/2 0 0 1/2 0 0 0 0 0 0 1/2 0 0 1/2 0 0 0 0 1/2 0 0 1/2 0 0 0 1/2 1/2 0 0 0 0 0
 1 1/2 0 0 1/2 0 0 0 0 0 0 1/2 0 0 1/2 0 0 0 0 1/2 1/2 0 0 0 0 0 0 1/2 0 0 0 0 1/2
 1 1/2 0 0 1/2 0 0 0 0 0 1/2 0 1/2 0 0 0 0 0 1/2 0 0 0 0 1/2 0 0 1/2 0 0 0 0 0 1/2
 1 1/2 0 0 1/2 0 0 0 0 0 0 0 1/2 1/2 0 0 0 1/2 1/2 0 0 0 0 0 0 0 1/2 0 0 1/2 0 0 0
 1 1/2 0 0 1/2 0 0 0 0 0 0 0 1/2 1/2 0 0 0 1/2 0 0 0 0 0 0 1/2 0 1/2 1/2 0 0 0 0 0
 1 1/2 0 0 1/2 0 0 0 0 1/2 0 0 0 0 0 0 1/2 0 0 1/2 0 0 1/2 0 0 0 1/2 1/2 0 0 0 0 0
 1 1/2 0 0 1/2 0 0 0 0 1/2 0 0 0 0 0 0 1/2 1/2 0 0 0 0 0 0 1/2 0 1/2 1/2 0 0 0 0 0
 1 1/2 0 0 1/2 0 0 0 0 0 0 1/2 0 0 1/2 0 0 0 1/2 0 0 0 0 1/2 0 0 1/2 1/2 0 0 0 0 0
 1 1/2 0 0 1/2 0 0 0 0 0 0 1/2 0 0 1/2 0 0 0 0 0 1/2 1/2 0 0 0 0 1/2 1/2 0 0 0 0 0
 1 1/2 0 0 1/2 0 0 0 0 0 0 0 1/2 1/2 0 0 0 0 1/2 0 0 0 0 1/2 0 0 1/2 1/2 0 0 0 0 0
 1 1/2 0 0 1/2 0 0 0 0 0 0 0 1/2 1/2 0 0 0 0 0 0 1/2 1/2 0 0 0 0 1/2 1/2 0 0 0 0 0
 1 1/2 0 0 1/2 0 0 0 0 0 1/2 0 0 0 0 1/2 0 0 0 1/2 0 0 1/2 0 0 0 1/2 1/2 0 0 0 0 0
 1 1/2 0 0 1/2 0 0 0 0 0 1/2 0 0 0 0 1/2 0 1/2 0 0 0 0 0 0 1/2 0 1/2 1/2 0 0 0 0 0
 1 1/2 0 0 0 0 0 0 1/2 0 1/2 0 1/2 0 0 0 0 0 1/2 0 0 0 0 1/2 0 0 1/2 0 1/2 0 0 0 0
 1 1/2 0 0 0 0 0 0 1/2 0 1/2 1/2 0 0 0 0 0 0 1/2 1/2 0 0 0 0 0 0 1/2 0 0 0 0 1/2 0
 1 1/2 0 0 0 0 0 0 1/2 0 1/2 0 0 0 0 0 1/2 0 1/2 1/2 0 0 0 0 0 0 1/2 0 1/2 0 0 0 0
 1 1/2 0 0 0 0 0 0 1/2 0 1/2 0 0 0 0 1/2 0 1/2 1/2 0 0 0 0 0 0 1/2 1/2 0 0 0 0 0 0
 1 2/3 0 0 0 0 0 0 1/3 0 2/3 0 0 0 0 1/3 0 1/3 1/3 1/3 0 0 0 0 0 0 2/3 0 0 0 0 1/3 0
 1 2/3 0 0 0 0 0 0 1/3 1/3 1/3 0 0 0 0 0 1/3 1/3 1/3 1/3 0 0 0 0 0 0 2/3 0 0 0 0 1/3 0
 1 2/3 0 0 0 0 0 0 1/3 0 2/3 0 0 0 0 1/3 0 0 1/3 1/3 0 0 0 1/3 0 0 1/3 1/3 1/3 0 0 0 0
 1 2/3 0 0 0 0 0 0 1/3 0 2/3 0 0 0 0 1/3 0 1/3 1/3 1/3 0 0 0 0 0 0 1/3 0 1/3 1/3 0 0 0
 1 2/3 0 0 0 0 0 0 1/3 1/3 1/3 0 0 0 0 0 1/3 0 0 2/3 0 0 1/3 0 0 0 1/3 1/3 1/3 0 0 0 0
 1 2/3 0 0 0 0 0 0 1/3 1/3 1/3 0 0 0 0 1/3 0 2/3 0 0 0 0 0 0 1/3 1/3 1/3 1/3 0 0 0 0 0
 1 1/2 0 0 0 0 0 0 1/2 1/2 0 0 1/2 0 0 0 0 1/2 0 0 1/2 0 0 0 0 0 0 1/2 0 0 1/2 0 0
 1 1/2 0 0 0 0 0 0 1/2 1/2 0 1/2 0 0 0 0 0 0 0 0 1/2 1/2 0 0 0 1/2 0 1/2 0 0 0 0 0
 1 1/2 0 0 0 0 0 0 1/2 1/2 0 0 0 0 0 0 1/2 0 0 1/2 1/2 0 0 0 0 0 0 1/2 1/2 0 0 0 0
 1 1/2 0 0 0 0 0 0 1/2 1/2 0 0 0 0 0 1/2 0 1/2 0 0 1/2 0 0 0 0 1/2 0 1/2 0 0 0 0 0
 1 2/3 0 0 0 0 0 0 1/3 1/3 1/3 0 0 0 0 1/3 0 1/3 0 1/3 1/3 0 0 0 0 0 0 2/3 0 0 1/3 0 0
 1 2/3 0 0 0 0 0 0 1/3 2/3 0 0 0 0 0 0 1/3 1/3 0 1/3 1/3 0 0 0 0 0 0 2/3 0 0 1/3 0 0
 1 2/3 0 0 0 0 0 0 1/3 2/3 0 0 0 0 0 0 1/3 1/3 0 1/3 1/3 0 0 0 0 1/3 0 1/3 0 0 0 0 1/3
 1 2/3 0 0 0 0 0 0 1/3 2/3 0 0 0 0 0 0 1/3 1/3 0 0 1/3 1/3 0 0 0 1/3 1/3 1/3 0 0 0 0 0
 1 1/3 0 0 1/3 0 0 0 1/3 0 1/3 1/3 1/3 0 0 0 0 0 2/3 0 0 0 0 1/3 0 0 2/3 0 0 0 0 1/3 0
 1 1/3 0 0 1/3 0 0 0 1/3 1/3 0 1/3 1/3 0 0 0 0 0 0 0 2/3 1/3 0 0 0 0 0 2/3 0 0 1/3 0 0
 1 1/2 0 0 1/2 0 0 0 0 0 1/2 0 1/2 0 0 0 0 1/2 1/2 0 0 0 0 0 0 0 1 0 0 0 0 0 0
 1 1/2 0 0 1/2 0 0 0 0 0 1/2 1/2 0 0 0 0 0 0 1/2 1/2 0 0 0 0 0 0 1/2 1/2 0 0 0 0 0
 1 2/3 0 0 1/3 0 0 0 0 0 2/3 0 0 0 0 1/3 0 1/3 1/3 1/3 0 0 0 0 0 0 2/3 1/3 0 0 0 0 0
 1 1/3 0 0 2/3 0 0 0 0 0 1/3 1/3 1/3 0 0 0 0 0 2/3 0 0 0 0 1/3 0 0 2/3 1/3 0 0 0 0 0
 1 1/3 0 0 2/3 0 0 0 0 0 0 0 2/3 1/3 0 0 0 1/3 1/3 0 1/3 0 0 0 0 0 2/3 1/3 0 0 0 0 0
 1 1/3 0 0 2/3 0 0 0 0 0 0 2/3 0 0 1/3 0 0 0 1/3 1/3 1/3 0 0 0 0 0 1/3 2/3 0 0 0 0 0
 1 2/3 0 0 1/3 0 0 0 0 1/3 1/3 1/3 0 0 0 0 0 0 0 2/3 0 0 1/3 0 0 0 1/3 2/3 0 0 0 0 0
 1 2/3 0 0 1/3 0 0 0 0 1/3 1/3 0 1/3 0 0 0 0 2/3 0 0 0 0 0 0 1/3 0 2/3 1/3 0 0 0 0 0
 1 1/2 0 0 1/2 0 0 0 0 1/2 0 0 1/2 0 0 0 0 1/2 0 0 1/2 0 0 0 0 0 1/2 1/2 0 0 0 0 0
 1 1/2 0 0 1/2 0 0 0 0 1/2 0 1/2 0 0 0 0 0 0 0 1/2 1/2 0 0 0 0 0 0 1 0 0 0 0 0
 1 1/3 0 0 2/3 0 0 0 0 1/3 0 1/3 1/3 0 0 0 0 0 0 0 2/3 1/3 0 0 0 0 1/3 2/3 0 0 0 0 0
 1 2/3 0 0 1/3 0 0 0 0 2/3 0 0 0 0 0 0 1/3 1/3 0 1/3 1/3 0 0 0 0 0 1/3 2/3 0 0 0 0 0
 1 1/3 0 0 1/3 1/3 0 0 0 0 2/3 0 0 0 0 1/3 0 1/3 1/3 1/3 0 0 0 0 0 0 2/3 0 0 0 0 1/3 0
 1 1/3 0 0 1/3 1/3 0 0 0 2/3 0 0 0 0 0 0 1/3 1/3 0 1/3 1/3 0 0 0 0 0 0 2/3 0 0 1/3 0 0
 1 1/3 0 1/3 1/3 0 0 0 0 0 0 0 2/3 1/3 0 0 0 2/3 0 0 0 0 0 0 1/3 0 2/3 0 0 0 0 1/3 0
 1 1/3 0 1/3 1/3 0 0 0 0 0 0 2/3 0 0 1/3 0 0 0 0 2/3 0 0 1/3 0 0 0 0 2/3 0 0 1/3 0 0
 1 1/3 0 1/3 1/3 0 0 0 0 0 1/3 0 1/3 0 0 1/3 0 2/3 0 0 0 0 0 0 1/3 0 2/3 0 0 0 0 1/3 0
 1 1/3 0 1/3 1/3 0 0 0 0 0 1/3 1/3 0 0 0 1/3 0 0 0 2/3 0 0 1/3 0 0 0 0 2/3 0 0 1/3 0 0
 1 1/3 0 1/3 1/3 0 0 0 0 0 0 0 2/3 1/3 0 0 0 2/3 0 0 0 0 0 0 1/3 0 1/3 0 1/3 1/3 0 0 0
 1 1/3 0 1/3 1/3 0 0 0 0 0 0 0 2/3 1/3 0 0 0 1/3 0 0 1/3 1/3 0 0 0 0 2/3 0 0 0 0 1/3 0
 1 1/3 0 1/3 1/3 0 0 0 0 0 0 0 2/3 1/3 0 0 0 1/3 1/3 0 0 0 0 1/3 0 0 2/3 0 0 0 0 1/3 0
 1 1/3 0 1/3 1/3 0 0 0 0 0 0 0 2/3 1/3 0 0 0 2/3 0 0 0 0 0 0 1/3 1/3 1/3 0 0 0 0 0 1/3
 1 1/3 0 1/3 1/3 0 0 0 0 0 0 2/3 0 0 1/3 0 0 0 0 2/3 0 0 1/3 0 0 0 0 1/3 1/3 1/3 0 0 0
 1 1/3 0 1/3 1/3 0 0 0 0 0 0 2/3 0 0 1/3 0 0 0 0 2/3 0 0 1/3 0 0 1/3 0 1/3 0 0 0 0 1/3
 1 1/3 0 1/3 1/3 0 0 0 0 0 0 2/3 0 0 1/3 0 0 0 1/3 1/3 0 0 0 1/3 0 0 0 2/3 0 0 1/3 0 0
 1 1/3 0 1/3 1/3 0 0 0 0 0 0 2/3 0 0 1/3 0 0 0 0 1/3 1/3 1/3 0 0 0 0 0 2/3 0 0 1/3 0 0
 1 1/3 0 1/3 1/3 0 0 0 0 1/3 0 0 1/3 0 0 0 1/3 2/3 0 0 0 0 0 0 1/3 0 2/3 0 0 0 0 1/3 0
 1 1/3 0 1/3 1/3 0 0 0 0 1/3 0 1/3 0 0 0 0 1/3 0 0 2/3 0 0 1/3 0 0 0 0 2/3 0 0 1/3 0 0
 1 2/3 0 1/3 0 0 0 0 0 2/3 0 0 0 0 0 0 1/3 2/3 0 1/3 0 0 0 0 0 1/3 1/3 1/3 0 0 0 0 0
 1 1/3 0 2/3 0 0 0 0 0 1/3 0 1/3 1/3 0 0 0 0 2/3 0 1/3 0 0 0 0 0 2/3 0 0 0 0 0 0 1/3
 1 1/2 0 1/2 0 0 0 0 0 1/2 0 1/2 0 0 0 0 0 1/2 0 1/2 0 0 0 0 0 1/2 0 1/2 0 0 0 0 0
 1 1/2 0 1/2 0 0 0 0 0 1/2 0 0 1/2 0 0 0 0 1 0 0 0 0 0 0 0 1/2 1/2 0 0 0 0 0 0
 1 2/3 0 1/3 0 0 0 0 0 1/3 1/3 1/3 0 0 0 0 0 1/3 0 2/3 0 0 0 0 0 0 0 2/3 0 0 1/3 0 0
 1 2/3 0 1/3 0 0 0 0 0 1/3 1/3 0 1/3 0 0 0 0 2/3 0 1/3 0 0 0 0 0 0 2/3 0 0 0 0 1/3 0
 1 1/3 0 2/3 0 0 0 0 0 0 0 2/3 0 0 1/3 0 0 1/3 0 2/3 0 0 0 0 0 1/3 0 1/3 1/3 0 0 0 0
 1 1/3 0 2/3 0 0 0 0 0 0 0 0 2/3 1/3 0 0 0 2/3 0 1/3 0 0 0 0 0 1/3 1/3 0 1/3 0 0 0 0
 1 1/3 0 2/3 0 0 0 0 0 0 1/3 1/3 1/3 0 0 0 0 1/3 0 2/3 0 0 0 0 0 0 0 0 2/3 1/3 0 0 0
 1 2/3 0 1/3 0 0 0 0 0 0 2/3 0 0 0 0 1/3 0 1/3 0 2/3 0 0 0 0 0 0 1/3 1/3 1/3 0 0 0 0
 1 1/2 0 1/2 0 0 0 0 0 0 1/2 1/2 0 0 0 0 0 0 0 1 0 0 0 0 0 0 0 1/2 1/2 0 0 0 0
 1 1/2 0 1/2 0 0 0 0 0 0 1/2 0 1/2 0 0 0 0 1/2 0 1/2 0 0 0 0 0 0 1/2 0 1/2 0 0 0 0
 1 1/3 0 1/3 0 0 1/3 0 0 2/3 0 0 0 0 0 0 1/3 2/3 0 0 0 0 0 0 1/3 1/3 1/3 1/3 0 0 0 0 0
 1 1/3 0 1/3 0 0 1/3 0 0 0 2/3 0 0 0 0 1/3 0 0 0 2/3 0 0 1/3 0 0 0 1/3 1/3 1/3 0 0 0 0
 1 1/3 0 1/3 0 0 0 0 1/3 1/3 0 1/3 1/3 0 0 0 0 2/3 0 0 0 0 0 0 1/3 2/3 0 0 0 0 0 0 1/3
 1 1/3 0 1/3 0 0 0 0 1/3 0 1/3 1/3 1/3 0 0 0 0 0 0 2/3 0 0 1/3 0 0 0 0 0 2/3 1/3 0 0 0
 1 1/2 0 1/2 0 0 0 0 0 1/2 0 0 1/2 0 0 0 0 1/2 0 0 0 0 0 1/2 0 0 1/2 0 0 0 0 1/2 0
 1 1/2 0 1/2 0 0 0 0 0 0 1/2 0 0 0 0 1/2 0 1/2 0 1/2 0 0 0 0 0 0 0 0 1/2 1/2 0 0 0
 1 1/2 0 1/2 0 0 0 0 0 0 1/2 0 0 0 0 1/2 0 0 0 1/2 0 0 0 1/2 0 0 0 1/2 1/2 0 0 0 0
 1 1/2 0 1/2 0 0 0 0 0 0 1/2 1/2 0 0 0 0 0 0 0 1/2 0 1/2 0 0 0 0 0 1/2 0 0 1/2 0 0
 1 1/2 0 1/2 0 0 0 0 0 1/2 0 0 0 0 0 0 1/2 1/2 0 0 0 1/2 0 0 0 1/2 1/2 0 0 0 0 0 0
 1 1/2 0 1/2 0 0 0 0 0 1/2 0 0 0 0 0 0 1/2 1/2 0 1/2 0 0 0 0 0 1/2 0 0 0 0 0 0 1/2
 1 1/2 0 1/2 0 0 0 0 0 0 1/2 1/2 0 0 0 0 0 0 0 1/2 0 1/2 0 0 0 0 0 0 1/2 1/2 0 0 0
 1 1/2 0 1/2 0 0 0 0 0 0 0 1/2 0 0 1/2 0 0 1/2 0 1/2 0 0 0 0 0 0 0 1/2 0 0 1/2 0 0
 1 1/2 0 1/2 0 0 0 0 0 0 0 1/2 0 0 1/2 0 0 0 0 1/2 0 0 0 1/2 0 0 0 1/2 1/2 0 0 0 0
 1 1/2 0 1/2 0 0 0 0 0 1/2 0 0 1/2 0 0 0 0 1/2 0 0 0 0 0 1/2 0 1/2 0 0 0 0 0 0 1/2
 1 1/2 0 1/2 0 0 0 0 0 0 0 0 1/2 1/2 0 0 0 1/2 0 0 0 1/2 0 0 0 1/2 1/2 0 0 0 0 0 0
 1 1/2 0 1/2 0 0 0 0 0 0 0 0 1/2 1/2 0 0 0 1/2 0 1/2 0 0 0 0 0 0 1/2 0 0 0 0 1/2 0
 1 1/2 0 1/2 0 0 0 0 0 1/2 0 0 0 0 0 0 1/2 1/2 0 1/2 0 0 0 0 0 0 1/2 0 0 0 0 1/2 0
 1 1/2 0 1/2 0 0 0 0 0 1/2 0 0 0 0 0 0 1/2 1/2 0 1/2 0 0 0 0 0 0 0 1/2 0 0 1/2 0 0
 1 1/2 0 1/2 0 0 0 0 0 0 0 1/2 0 0 1/2 0 0 1/2 0 1/2 0 0 0 0 0 1/2 0 0 0 0 0 0 1/2
 1 1/2 0 1/2 0 0 0 0 0 0 0 1/2 0 0 1/2 0 0 1/2 0 1/2 0 0 0 0 0 0 0 0 1/2 1/2 0 0 0
 1 1/2 0 1/2 0 0 0 0 0 0 0 0 1/2 1/2 0 0 0 1/2 0 1/2 0 0 0 0 0 1/2 0 0 0 0 0 0 1/2
 1 1/2 0 1/2 0 0 0 0 0 0 0 0 1/2 1/2 0 0 0 1/2 0 1/2 0 0 0 0 0 0 0 0 1/2 1/2 0 0 0
 1 1/2 0 1/2 0 0 0 0 0 0 1/2 0 0 0 0 1/2 0 1/2 0 1/2 0 0 0 0 0 0 1/2 0 0 0 0 1/2 0
 1 1/2 0 1/2 0 0 0 0 0 0 1/2 0 0 0 0 1/2 0 1/2 0 1/2 0 0 0 0 0 0 0 1/2 0 0 1/2 0 0
 1 1/2 0 0 0 0 0 0 1/2 0 0 0 1/2 1/2 0 0 0 1/2 1/2 0 0 0 0 0 0 1/2 1/2 0 0 0 0 0 0
 1 1/2 0 0 0 0 0 0 1/2 0 1/2 0 1/2 0 0 0 0 1/2 1/2 0 0 0 0 0 0 0 1/2 0 0 0 1/2 0 0
 1 1/2 0 0 0 0 0 0 1/2 0 1/2 0 1/2 0 0 0 0 1/2 0 0 0 0 0 0 1/2 0 1/2 0 1/2 0 0 0 0
 1 2/3 0 0 0 0 0 0 1/3 1/3 1/3 0 1/3 0 0 0 0 1/3 1/3 0 0 0 0 1/3 0 1/3 1/3 0 0 0 0 0 1/3
 1 2/3 0 0 0 0 0 0 1/3 1/3 1/3 0 1/3 0 0 0 0 1/3 0 1/3 0 0 1/3 0 0 0 1/3 1/3 0 0 1/3 0 0
 1 2/3 0 0 0 0 0 0 1/3 1/3 1/3 0 1/3 0 0 0 0 1/3 0 1/3 0 0 1/3 0 0 0 2/3 0 0 0 0 1/3 0
 1 2/3 0 0 0 0 0 0 1/3 1/3 1/3 0 1/3 0 0 0 0 2/3 0 0 0 0 0 0 1/3 0 2/3 0 0 0 0 1/3 0
 1 2/3 0 0 0 0 0 0 1/3 1/3 1/3 0 1/3 0 0 0 0 2/3 0 0 0 0 0 0 1/3 0 1/3 1/3 0 0 1/3 0 0
 1 1/2 0 0 0 0 0 0 1/2 1/2 0 0 1/2 0 0 0 0 1/2 0 0 0 0 1/2 0 0 1/2 1/2 0 0 0 0 0 0
 1 1/2 0 0 0 0 0 0 1/2 1/2 0 0 1/2 0 0 0 0 1/2 0 0 1/2 0 0 0 0 0 1/2 0 0 0 0 1/2 0
 1 2/3 0 0 0 0 0 0 1/3 1/3 0 0 1/3 1/3 0 0 0 2/3 0 0 0 0 0 0 1/3 1/3 1/3 1/3 0 0 0 0 0
 1 2/3 0 0 0 0 0 0 1/3 0 1/3 0 1/3 1/3 0 0 0 1/3 1/3 1/3 0 0 0 0 0 0 2/3 0 0 0 0 1/3 0
 1 2/3 0 0 0 0 0 0 1/3 1/3 0 0 1/3 1/3 0 0 0 1/3 0 0 1/3 1/3 0 0 0 1/3 1/3 1/3 0 0 0 0 0
 1 2/3 0 0 0 0 0 0 1/3 0 1/3 0 1/3 1/3 0 0 0 1/3 1/3 1/3 0 0 0 0 0 0 1/3 0 1/3 1/3 0 0 0
 1 2/3 0 0 0 0 0 0 1/3 1/3 1/3 0 1/3 0 0 0 0 2/3 0 0 0 0 0 0 1/3 1/3 1/3 0 0 0 0 0 1/3
 1 2/3 0 0 0 0 0 0 1/3 1/3 1/3 0 1/3 0 0 0 0 1/3 1/3 0 0 0 0 1/3 0 0 2/3 0 0 0 0 1/3 0
 1 2/3 0 0 0 0 0 0 1/3 0 2/3 0 1/3 0 0 0 0 1/3 1/3 1/3 0 0 0 0 0 0 2/3 0 1/3 0 0 0 0
 1 3/4 0 0 0 0 0 0 1/4 1/4 1/2 0 1/4 0 0 0 0 1/2 1/4 1/4 0 0 0 0 0 0 3/4 0 0 0 0 1/4 0
 1 2/3 0 0 0 0 0 0 1/3 1/3 1/3 0 1/3 0 0 0 0 2/3 1/3 0 0 0 0 0 0 1/3 2/3 0 0 0 0 0 0
 1 3/4 0 0 0 0 0 0 1/4 1/2 1/4 0 1/4 0 0 0 0 3/4 0 0 0 0 0 0 1/4 1/4 1/2 1/4 0 0 0 0 0
 1 2/3 0 0 0 0 0 0 1/3 2/3 0 0 1/3 0 0 0 0 2/3 0 0 1/3 0 0 0 0 1/3 1/3 1/3 0 0 0 0 0
 1 1/2 0 0 1/4 0 0 0 1/4 0 1/4 0 1/2 1/4 0 0 0 1/4 1/2 0 0 0 0 1/4 0 0 3/4 0 0 0 0 1/4 0
 1 1/2 0 0 1/4 0 0 0 1/4 0 1/2 0 1/4 0 0 1/4 0 1/4 1/2 0 0 0 0 1/4 0 0 3/4 0 0 0 0 1/4 0
 1 1/2 0 0 1/4 0 0 0 1/4 0 1/2 0 1/4 0 0 1/4 0 1/2 1/4 0 0 0 0 0 1/4 0 3/4 0 0 0 0 1/4 0
 1 1/3 0 0 1/3 0 0 0 1/3 0 1/3 0 1/3 0 0 1/3 0 1/3 1/3 0 1/3 0 0 0 0 0 2/3 0 0 0 0 1/3 0
 1 1/3 0 0 1/3 0 0 0 1/3 0 1/3 1/3 1/3 0 0 0 0 1/3 1/3 0 0 0 0 0 1/3 0 2/3 0 0 0 0 1/3 0
 1 1/3 0 0 1/3 0 0 0 1/3 0 0 0 2/3 1/3 0 0 0 1/3 1/3 0 1/3 0 0 0 0 0 2/3 0 0 0 0 1/3 0
 1 1/3 0 0 1/3 0 0 0 1/3 0 0 0 2/3 1/3 0 0 0 1/3 1/3 0 1/3 0 0 0 0 0 1/3 1/3 0 0 1/3 0 0
 1 1/2 0 0 1/4 0 0 0 1/4 0 1/4 0 1/2 1/4 0 0 0 1/2 1/4 0 0 0 0 0 1/4 0 3/4 0 0 0 0 1/4 0
 1 1/2 0 1/4 0 0 0 0 1/4 1/4 0 0 1/2 1/4 0 0 0 3/4 0 0 0 0 0 0 1/4 1/4 1/2 0 0 0 0 1/4 0
 1 1/2 0 1/4 0 0 0 0 1/4 1/2 0 0 1/4 0 0 0 1/4 3/4 0 0 0 0 0 0 1/4 1/4 1/2 0 0 0 0 1/4 0
 1 1/2 0 1/4 0 0 0 0 1/4 1/4 0 0 1/2 1/4 0 0 0 3/4 0 0 0 0 0 0 1/4 1/2 1/4 0 0 0 0 0 1/4
 1 1/2 0 1/4 0 0 0 0 1/4 1/2 0 0 1/4 0 0 0 1/4 3/4 0 0 0 0 0 0 1/4 1/2 1/4 0 0 0 0 0 1/4
 1 1/3 0 1/3 0 0 0 0 1/3 1/3 0 0 1/3 0 0 0 1/3 2/3 0 0 0 0 0 0 1/3 1/3 1/3 0 1/3 0 0 0 0
 1 1/3 0 1/3 0 0 0 0 1/3 1/3 0 1/3 1/3 0 0 0 0 2/3 0 0 0 0 0 0 1/3 1/3 1/3 0 0 0 0 1/3 0
 1 1/3 0 1/3 0 0 0 0 1/3 0 0 0 2/3 1/3 0 0 0 1/3 0 1/3 0 0 1/3 0 0 1/3 1/3 0 1/3 0 0 0 0
 1 1/3 0 1/3 0 0 0 0 1/3 0 0 0 2/3 1/3 0 0 0 2/3 0 0 0 0 0 0 1/3 1/3 1/3 0 1/3 0 0 0 0
 1 1/2 0 0 0 0 0 0 1/2 0 0 1/2 0 0 1/2 0 0 0 0 1/2 1/2 0 0 0 0 0 0 1/2 1/2 0 0 0 0
 1 1/2 0 0 0 0 0 0 1/2 0 1/2 1/2 0 0 0 0 0 0 1/2 1/2 0 0 0 0 0 0 0 1/2 0 0 1/2 0 0
 1 1/2 0 0 0 0 0 0 1/2 0 1/2 1/2 0 0 0 0 0 0 0 1/2 0 0 0 0 1/2 0 0 1/2 1/2 0 0 0 0
 1 2/3 0 0 0 0 0 0 1/3 1/3 1/3 1/3 0 0 0 0 0 0 0 1/3 1/3 1/3 0 0 0 0 0 1/3 1/3 1/3 0 0 0
 1 2/3 0 0 0 0 0 0 1/3 1/3 1/3 1/3 0 0 0 0 0 0 0 2/3 0 0 1/3 0 0 0 0 2/3 0 0 1/3 0 0
 1 2/3 0 0 0 0 0 0 1/3 1/3 1/3 1/3 0 0 0 0 0 0 0 2/3 0 0 1/3 0 0 0 1/3 1/3 0 0 0 1/3 0
 1 2/3 0 0 0 0 0 0 1/3 1/3 1/3 1/3 0 0 0 0 0 1/3 0 1/3 0 0 0 0 1/3 0 1/3 1/3 0 0 0 1/3 0
 1 2/3 0 0 0 0 0 0 1/3 1/3 1/3 1/3 0 0 0 0 0 1/3 0 1/3 0 0 0 0 1/3 0 0 2/3 0 0 1/3 0 0
 1 1/2 0 0 0 0 0 0 1/2 1/2 0 1/2 0 0 0 0 0 0 0 1/2 0 0 1/2 0 0 1/2 0 1/2 0 0 0 0 0
 1 1/2 0 0 0 0 0 0 1/2 1/2 0 1/2 0 0 0 0 0 0 0 1/2 1/2 0 0 0 0 0 0 1/2 0 0 0 1/2 0
 1 2/3 0 0 0 0 0 0 1/3 0 1/3 1/3 0 0 1/3 0 0 0 1/3 1/3 0 0 0 1/3 0 0 1/3 1/3 1/3 0 0 0 0
 1 2/3 0 0 0 0 0 0 1/3 1/3 0 1/3 0 0 1/3 0 0 1/3 0 1/3 1/3 0 0 0 0 1/3 0 1/3 0 0 0 0 1/3
 1 2/3 0 0 0 0 0 0 1/3 0 1/3 1/3 0 0 1/3 0 0 0 0 2/3 0 0 1/3 0 0 0 1/3 1/3 1/3 0 0 0 0
 1 2/3 0 0 0 0 0 0 1/3 1/3 0 1/3 0 0 1/3 0 0 1/3 0 1/3 1/3 0 0 0 0 0 0 2/3 0 0 1/3 0 0
 1 2/3 0 0 0 0 0 0 1/3 1/3 1/3 1/3 0 0 0 0 0 0 0 1/3 1/3 1/3 0 0 0 0 0 2/3 0 0 1/3 0 0
 1 2/3 0 0 0 0 0 0 1/3 1/3 1/3 1/3 0 0 0 0 0 0 0 2/3 0 0 1/3 0 0 0 0 1/3 1/3 1/3 0 0 0
 1 2/3 0 0 0 0 0 0 1/3 0 2/3 1/3 0 0 0 0 0 0 1/3 2/3 0 0 0 0 0 0 1/3 1/3 1/3 0 0 0 0
 1 3/4 0 0 0 0 0 0 1/4 1/4 1/2 1/4 0 0 0 0 0 0 0 3/4 0 0 1/4 0 0 0 1/4 1/2 1/4 0 0 0 0
 1 2/3 0 0 0 0 0 0 1/3 1/3 1/3 1/3 0 0 0 0 0 0 0 2/3 1/3 0 0 0 0 0 0 2/3 1/3 0 0 0 0
 1 3/4 0 0 0 0 0 0 1/4 1/2 1/4 1/4 0 0 0 0 0 1/4 0 1/2 1/4 0 0 0 0 0 0 3/4 0 0 1/4 0 0
 1 2/3 0 0 0 0 0 0 1/3 2/3 0 1/3 0 0 0 0 0 1/3 0 1/3 1/3 0 0 0 0 1/3 0 2/3 0 0 0 0 0
 1 1/2 0 0 1/4 0 0 0 1/4 1/2 0 1/4 0 0 0 0 1/4 0 0 1/2 1/4 0 1/4 0 0 0 0 3/4 0 0 1/4 0 0
 1 1/2 0 0 1/4 0 0 0 1/4 1/4 0 1/2 0 0 1/4 0 0 0 0 1/4 1/2 1/4 0 0 0 0 0 3/4 0 0 1/4 0 0
 1 1/2 0 0 1/4 0 0 0 1/4 1/2 0 1/4 0 0 0 0 1/4 0 0 1/4 1/2 1/4 0 0 0 0 0 3/4 0 0 1/4 0 0
 1 1/3 0 0 1/3 0 0 0 1/3 1/3 0 1/3 0 0 0 0 1/3 0 1/3 1/3 1/3 0 0 0 0 0 0 2/3 0 0 1/3 0 0
 1 1/3 0 0 1/3 0 0 0 1/3 1/3 0 1/3 1/3 0 0 0 0 0 0 1/3 1/3 0 1/3 0 0 0 0 2/3 0 0 1/3 0 0
 1 1/3 0 0 1/3 0 0 0 1/3 0 0 2/3 0 0 1/3 0 0 0 1/3 1/3 1/3 0 0 0 0 0 1/3 1/3 0 0 0 1/3 0
 1 1/3 0 0 1/3 0 0 0 1/3 0 0 2/3 0 0 1/3 0 0 0 1/3 1/3 1/3 0 0 0 0 0 0 2/3 0 0 1/3 0 0
 1 1/2 0 0 1/4 0 0 0 1/4 1/4 0 1/2 0 0 1/4 0 0 0 0 1/2 1/4 0 1/4 0 0 0 0 3/4 0 0 1/4 0 0
 1 1/2 0 1/4 0 0 0 0 1/4 0 1/4 1/2 0 0 1/4 0 0 0 0 3/4 0 0 1/4 0 0 0 0 1/2 1/4 0 1/4 0 0
 1 1/2 0 1/4 0 0 0 0 1/4 0 1/4 1/2 0 0 1/4 0 0 0 0 3/4 0 0 1/4 0 0 0 0 1/4 1/2 1/4 0 0 0
 1 1/2 0 1/4 0 0 0 0 1/4 0 1/2 1/4 0 0 0 1/4 0 0 0 3/4 0 0 1/4 0 0 0 0 1/4 1/2 1/4 0 0 0
 1 1/2 0 1/4 0 0 0 0 1/4 0 1/2 1/4 0 0 0 1/4 0 0 0 3/4 0 0 1/4 0 0 0 0 1/2 1/4 0 1/4 0 0
 1 1/3 0 1/3 0 0 0 0 1/3 0 1/3 1/3 0 0 0 1/3 0 0 0 2/3 0 0 1/3 0 0 1/3 0 1/3 1/3 0 0 0 0
 1 1/3 0 1/3 0 0 0 0 1/3 0 1/3 1/3 1/3 0 0 0 0 0 0 2/3 0 0 1/3 0 0 0 0 1/3 1/3 0 1/3 0 0
 1 1/3 0 1/3 0 0 0 0 1/3 0 0 2/3 0 0 1/3 0 0 0 0 2/3 0 0 1/3 0 0 1/3 0 1/3 1/3 0 0 0 0
 1 1/3 0 1/3 0 0 0 0 1/3 0 0 2/3 0 0 1/3 0 0 1/3 0 1/3 0 0 0 0 1/3 1/3 0 1/3 1/3 0 0 0 0
 1 2/3 0 0 0 0 0 0 1/3 0 2/3 0 0 0 0 1/3 0 1/3 1/3 1/3 0 0 0 0 0 0 1/3 1/3 0 0 1/3 0 0
 1 2/3 0 0 0 0 0 0 1/3 0 2/3 0 0 0 0 1/3 0 1/3 0 1/3 0 0 0 0 1/3 0 1/3 1/3 1/3 0 0 0 0
 1 3/4 0 0 0 0 0 0 1/4 1/4 1/2 0 0 0 0 1/4 0 1/4 0 1/2 0 0 1/4 0 0 0 1/4 1/2 0 0 1/4 0 0
 1 3/4 0 0 0 0 0 0 1/4 1/4 1/2 0 0 0 0 1/4 0 1/4 0 1/2 0 0 1/4 0 0 0 1/2 1/4 0 0 0 1/4 0
 1 3/4 0 0 0 0 0 0 1/4 1/4 1/2 0 0 0 0 1/4 0 1/2 0 1/4 0 0 0 0 1/4 0 1/2 1/4 0 0 0 1/4 0
 1 3/4 0 0 0 0 0 0 1/4 1/4 1/2 0 0 0 0 1/4 0 1/2 0 1/4 0 0 0 0 1/4 0 1/4 1/2 0 0 1/4 0 0
 1 2/3 0 0 0 0 0 0 1/3 1/3 1/3 0 0 0 0 1/3 0 1/3 0 1/3 0 0 1/3 0 0 1/3 1/3 1/3 0 0 0 0 0
 1 2/3 0 0 0 0 0 0 1/3 1/3 1/3 0 0 0 0 1/3 0 1/3 0 1/3 1/3 0 0 0 0 0 1/3 1/3 0 0 0 1/3 0
 1 3/4 0 0 0 0 0 0 1/4 0 3/4 0 0 0 0 1/4 0 1/4 1/4 1/2 0 0 0 0 0 0 1/2 1/4 1/4 0 0 0 0
 1 2/3 0 0 0 0 0 0 1/3 1/3 1/3 0 0 0 0 0 1/3 1/3 1/3 1/3 0 0 0 0 0 0 1/3 1/3 0 0 1/3 0 0
 1 2/3 0 0 0 0 0 0 1/3 1/3 1/3 0 0 0 0 0 1/3 1/3 0 1/3 0 0 0 0 1/3 0 1/3 1/3 1/3 0 0 0 0
 1 3/4 0 0 0 0 0 0 1/4 1/2 1/4 0 0 0 0 0 1/4 1/4 0 1/2 0 0 1/4 0 0 0 1/4 1/2 0 0 1/4 0 0
 1 3/4 0 0 0 0 0 0 1/4 1/2 1/4 0 0 0 0 0 1/4 1/4 0 1/2 0 0 1/4 0 0 0 1/2 1/4 0 0 0 1/4 0
 1 3/4 0 0 0 0 0 0 1/4 1/2 1/4 0 0 0 0 0 1/4 1/2 0 1/4 0 0 0 0 1/4 0 1/2 1/4 0 0 0 1/4 0
 1 3/4 0 0 0 0 0 0 1/4 1/2 1/4 0 0 0 0 0 1/4 1/2 0 1/4 0 0 0 0 1/4 0 1/4 1/2 0 0 1/4 0 0
 1 2/3 0 0 0 0 0 0 1/3 2/3 0 0 0 0 0 0 1/3 1/3 0 1/3 0 0 1/3 0 0 1/3 1/3 1/3 0 0 0 0 0
 1 2/3 0 0 0 0 0 0 1/3 2/3 0 0 0 0 0 0 1/3 1/3 0 1/3 1/3 0 0 0 0 0 1/3 1/3 0 0 0 1/3 0
 1 3/4 0 0 0 0 0 0 1/4 3/4 0 0 0 0 0 0 1/4 1/2 0 1/4 1/4 0 0 0 0 1/4 1/4 1/2 0 0 0 0 0
 1 1/3 0 0 1/3 1/3 0 0 0 1/3 1/3 0 1/3 0 0 0 0 2/3 0 0 0 0 0 0 1/3 0 2/3 0 0 0 0 1/3 0
 1 1/3 0 0 1/3 1/3 0 0 0 1/3 1/3 0 1/3 0 0 0 0 2/3 0 0 0 0 0 0 1/3 0 1/3 1/3 0 0 1/3 0 0
 1 1/3 0 0 1/3 1/3 0 0 0 0 1/3 0 1/3 1/3 0 0 0 1/3 1/3 1/3 0 0 0 0 0 0 2/3 0 0 0 0 1/3 0
 1 1/3 0 0 1/3 1/3 0 0 0 1/3 1/3 0 1/3 0 0 0 0 1/3 1/3 0 0 0 0 1/3 0 0 2/3 0 0 0 0 1/3 0
 1 1/4 0 0 1/2 1/4 0 0 0 0 1/4 0 1/2 1/4 0 0 0 1/4 1/2 0 0 0 0 1/4 0 0 3/4 0 0 0 0 1/4 0
 1 1/4 0 0 1/2 1/4 0 0 0 0 1/2 0 1/4 0 0 1/4 0 1/4 1/2 0 0 0 0 1/4 0 0 3/4 0 0 0 0 1/4 0
 1 1/4 0 0 1/2 1/4 0 0 0 0 1/2 0 1/4 0 0 1/4 0 1/2 1/4 0 0 0 0 0 1/4 0 3/4 0 0 0 0 1/4 0
 1 1/4 0 0 1/2 1/4 0 0 0 0 1/4 0 1/2 1/4 0 0 0 1/2 1/4 0 0 0 0 0 1/4 0 3/4 0 0 0 0 1/4 0
 1 1/3 0 0 1/3 1/3 0 0 0 1/3 1/3 1/3 0 0 0 0 0 0 0 2/3 0 0 1/3 0 0 0 0 2/3 0 0 1/3 0 0
 1 1/3 0 0 1/3 1/3 0 0 0 1/3 1/3 1/3 0 0 0 0 0 0 0 2/3 0 0 1/3 0 0 0 1/3 1/3 0 0 0 1/3 0
 1 1/3 0 0 1/3 1/3 0 0 0 1/3 0 1/3 0 0 1/3 0 0 1/3 0 1/3 1/3 0 0 0 0 0 0 2/3 0 0 1/3 0 0
 1 1/3 0 0 1/3 1/3 0 0 0 1/3 1/3 1/3 0 0 0 0 0 0 0 1/3 1/3 1/3 0 0 0 0 0 2/3 0 0 1/3 0 0
 1 1/4 0 0 1/2 1/4 0 0 0 1/2 0 1/4 0 0 0 0 1/4 0 0 1/2 1/4 0 1/4 0 0 0 0 3/4 0 0 1/4 0 0
 1 1/4 0 0 1/2 1/4 0 0 0 1/4 0 1/2 0 0 1/4 0 0 0 0 1/4 1/2 1/4 0 0 0 0 0 3/4 0 0 1/4 0 0
 1 1/4 0 0 1/2 1/4 0 0 0 1/2 0 1/4 0 0 0 0 1/4 0 0 1/4 1/2 1/4 0 0 0 0 0 3/4 0 0 1/4 0 0
 1 1/4 0 0 1/2 1/4 0 0 0 1/4 0 1/2 0 0 1/4 0 0 0 0 1/2 1/4 0 1/4 0 0 0 0 3/4 0 0 1/4 0 0
 1 1/3 0 0 1/3 1/3 0 0 0 0 2/3 0 0 0 0 1/3 0 1/3 1/3 1/3 0 0 0 0 0 0 1/3 1/3 0 0 1/3 0 0
 1 1/3 0 0 1/3 1/3 0 0 0 2/3 0 0 0 0 0 0 1/3 1/3 0 1/3 1/3 0 0 0 0 0 1/3 1/3 0 0 0 1/3 0
 1 1/3 0 0 1/3 0 0 0 1/3 0 1/3 1/3 1/3 0 0 0 0 0 2/3 0 0 0 0 1/3 0 0 1/3 1/3 0 0 1/3 0 0
 1 1/3 0 0 1/3 0 0 0 1/3 1/3 0 1/3 1/3 0 0 0 0 0 0 0 2/3 1/3 0 0 0 0 1/3 1/3 0 0 0 1/3 0
 1 1/3 0 1/3 1/3 0 0 0 0 0 0 0 2/3 1/3 0 0 0 2/3 1/3 0 0 0 0 0 0 1/3 2/3 0 0 0 0 0 0
 1 1/3 0 1/3 1/3 0 0 0 0 0 1/3 0 2/3 0 0 0 0 2/3 0 0 0 0 0 0 1/3 0 2/3 0 1/3 0 0 0 0
 1 1/2 0 1/4 1/4 0 0 0 0 1/4 1/4 0 1/2 0 0 0 0 3/4 0 0 0 0 0 0 1/4 0 3/4 0 0 0 0 1/4 0
 1 1/3 0 1/3 1/3 0 0 0 0 1/3 0 0 2/3 0 0 0 0 2/3 0 0 1/3 0 0 0 0 0 2/3 0 0 0 0 1/3 0
 1 1/4 0 1/4 1/2 0 0 0 0 0 0 0 3/4 1/4 0 0 0 1/2 1/4 0 1/4 0 0 0 0 0 3/4 0 0 0 0 1/4 0
 1 1/4 0 1/2 1/4 0 0 0 0 0 0 0 3/4 1/4 0 0 0 3/4 0 0 0 0 0 0 1/4 1/4 1/2 0 1/4 0 0 0 0
 1 1/3 0 1/3 1/3 0 0 0 0 0 0 2/3 0 0 1/3 0 0 0 0 2/3 1/3 0 0 0 0 0 0 2/3 1/3 0 0 0 0
 1 1/3 0 1/3 1/3 0 0 0 0 0 1/3 2/3 0 0 0 0 0 0 1/3 2/3 0 0 0 0 0 0 0 2/3 0 0 1/3 0 0
 1 1/2 0 1/4 1/4 0 0 0 0 1/4 1/4 1/2 0 0 0 0 0 0 0 3/4 0 0 1/4 0 0 0 0 3/4 0 0 1/4 0 0
 1 1/3 0 1/3 1/3 0 0 0 0 1/3 0 2/3 0 0 0 0 0 0 0 2/3 0 0 1/3 0 0 1/3 0 2/3 0 0 0 0 0
 1 1/4 0 1/4 1/2 0 0 0 0 0 0 3/4 0 0 1/4 0 0 0 1/4 1/2 1/4 0 0 0 0 0 0 3/4 0 0 1/4 0 0
 1 1/4 0 1/2 1/4 0 0 0 0 0 0 3/4 0 0 1/4 0 0 0 0 3/4 0 0 1/4 0 0 1/4 0 1/2 1/4 0 0 0 0
 1 1/3 0 1/3 1/3 0 0 0 0 0 0 0 2/3 1/3 0 0 0 1/3 0 0 1/3 1/3 0 0 0 0 1/3 0 1/3 1/3 0 0 0
 1 1/3 0 1/3 1/3 0 0 0 0 0 0 2/3 0 0 1/3 0 0 0 1/3 1/3 0 0 0 1/3 0 1/3 0 1/3 0 0 0 0 1/3
 1 1/3 0 1/3 1/3 0 0 0 0 0 0 0 2/3 1/3 0 0 0 1/3 1/3 0 0 0 0 1/3 0 1/3 1/3 0 0 0 0 0 1/3
 1 1/3 0 1/3 1/3 0 0 0 0 0 0 2/3 0 0 1/3 0 0 0 0 1/3 1/3 1/3 0 0 0 0 0 1/3 1/3 1/3 0 0 0
 1 1/3 0 1/3 1/3 0 0 0 0 1/3 0 1/3 0 0 0 0 1/3 0 0 2/3 0 0 1/3 0 0 1/3 0 1/3 0 0 0 0 1/3
 1 1/3 0 1/3 1/3 0 0 0 0 1/3 0 0 1/3 0 0 0 1/3 1/3 0 0 1/3 1/3 0 0 0 0 2/3 0 0 0 0 1/3 0
 1 1/3 0 1/3 1/3 0 0 0 0 1/3 0 0 1/3 0 0 0 1/3 2/3 0 0 0 0 0 0 1/3 1/3 1/3 0 0 0 0 0 1/3
 1 1/3 0 1/3 1/3 0 0 0 0 1/3 0 1/3 0 0 0 0 1/3 0 0 1/3 1/3 1/3 0 0 0 0 0 2/3 0 0 1/3 0 0
 1 1/3 0 1/3 1/3 0 0 0 0 0 1/3 1/3 0 0 0 1/3 0 0 1/3 1/3 0 0 0 1/3 0 0 0 2/3 0 0 1/3 0 0
 1 1/3 0 1/3 1/3 0 0 0 0 0 1/3 0 1/3 0 0 1/3 0 2/3 0 0 0 0 0 0 1/3 0 1/3 0 1/3 1/3 0 0 0
 1 1/3 0 1/3 1/3 0 0 0 0 0 1/3 0 1/3 0 0 1/3 0 1/3 1/3 0 0 0 0 1/3 0 0 2/3 0 0 0 0 1/3 0
 1 1/3 0 1/3 1/3 0 0 0 0 0 1/3 1/3 0 0 0 1/3 0 0 0 2/3 0 0 1/3 0 0 0 0 1/3 1/3 1/3 0 0 0
 1 1/3 0 1/3 0 0 1/3 0 0 2/3 0 0 0 0 0 0 1/3 1/3 0 1/3 0 0 1/3 0 0 1/3 1/3 1/3 0 0 0 0 0
 1 1/3 0 1/3 0 0 1/3 0 0 0 2/3 0 0 0 0 1/3 0 1/3 0 1/3 0 0 0 0 1/3 0 1/3 1/3 1/3 0 0 0 0
 1 1/3 0 1/3 0 0 1/3 0 0 1/3 1/3 1/3 0 0 0 0 0 0 0 2/3 0 0 1/3 0 0 0 0 2/3 0 0 1/3 0 0
 1 1/3 0 1/3 0 0 1/3 0 0 1/3 1/3 1/3 0 0 0 0 0 1/3 0 1/3 0 0 0 0 1/3 0 0 2/3 0 0 1/3 0 0
 1 1/3 0 1/3 0 0 1/3 0 0 0 1/3 1/3 0 0 1/3 0 0 0 0 2/3 0 0 1/3 0 0 0 1/3 1/3 1/3 0 0 0 0
 1 1/3 0 1/3 0 0 1/3 0 0 1/3 1/3 1/3 0 0 0 0 0 0 0 2/3 0 0 1/3 0 0 0 0 1/3 1/3 1/3 0 0 0
 1 1/4 0 1/2 0 0 1/4 0 0 0 1/4 1/2 0 0 1/4 0 0 0 0 3/4 0 0 1/4 0 0 0 0 1/2 1/4 0 1/4 0 0
 1 1/4 0 1/2 0 0 1/4 0 0 0 1/4 1/2 0 0 1/4 0 0 0 0 3/4 0 0 1/4 0 0 0 0 1/4 1/2 1/4 0 0 0
 1 1/4 0 1/2 0 0 1/4 0 0 0 1/2 1/4 0 0 0 1/4 0 0 0 3/4 0 0 1/4 0 0 0 0 1/4 1/2 1/4 0 0 0
 1 1/4 0 1/2 0 0 1/4 0 0 0 1/2 1/4 0 0 0 1/4 0 0 0 3/4 0 0 1/4 0 0 0 0 1/2 1/4 0 1/4 0 0
 1 1/3 0 1/3 0 0 1/3 0 0 1/3 1/3 0 1/3 0 0 0 0 1/3 0 1/3 0 0 1/3 0 0 0 2/3 0 0 0 0 1/3 0
 1 1/3 0 1/3 0 0 1/3 0 0 1/3 1/3 0 1/3 0 0 0 0 2/3 0 0 0 0 0 0 1/3 0 2/3 0 0 0 0 1/3 0
 1 1/3 0 1/3 0 0 1/3 0 0 1/3 0 0 1/3 1/3 0 0 0 2/3 0 0 0 0 0 0 1/3 1/3 1/3 1/3 0 0 0 0 0
 1 1/3 0 1/3 0 0 1/3 0 0 1/3 1/3 0 1/3 0 0 0 0 2/3 0 0 0 0 0 0 1/3 1/3 1/3 0 0 0 0 0 1/3
 1 1/4 0 1/2 0 0 1/4 0 0 1/4 0 0 1/2 1/4 0 0 0 3/4 0 0 0 0 0 0 1/4 1/4 1/2 0 0 0 0 1/4 0
 1 1/4 0 1/2 0 0 1/4 0 0 1/2 0 0 1/4 0 0 0 1/4 3/4 0 0 0 0 0 0 1/4 1/4 1/2 0 0 0 0 1/4 0
 1 1/4 0 1/2 0 0 1/4 0 0 1/4 0 0 1/2 1/4 0 0 0 3/4 0 0 0 0 0 0 1/4 1/2 1/4 0 0 0 0 0 1/4
 1 1/4 0 1/2 0 0 1/4 0 0 1/2 0 0 1/4 0 0 0 1/4 3/4 0 0 0 0 0 0 1/4 1/2 1/4 0 0 0 0 0 1/4
 1 1/3 0 1/3 0 0 0 0 1/3 1/3 0 1/3 1/3 0 0 0 0 1/3 0 1/3 0 0 1/3 0 0 2/3 0 0 0 0 0 0 1/3
 1 1/3 0 1/3 0 0 0 0 1/3 0 1/3 1/3 1/3 0 0 0 0 1/3 0 1/3 0 0 0 0 1/3 0 0 0 2/3 1/3 0 0 0
 1 1/3 1/3 1/3 0 0 0 0 0 2/3 0 0 0 0 0 0 1/3 2/3 0 0 0 0 0 0 1/3 2/3 0 0 0 0 0 0 1/3
 1 1/3 1/3 1/3 0 0 0 0 0 0 2/3 0 0 0 0 1/3 0 0 0 2/3 0 0 1/3 0 0 0 1/3 0 1/3 0 0 1/3 0
 1 1/3 1/3 1/3 0 0 0 0 0 0 2/3 0 0 0 0 1/3 0 0 0 2/3 0 0 1/3 0 0 0 0 1/3 1/3 0 1/3 0 0
 1 1/3 1/3 1/3 0 0 0 0 0 0 2/3 0 0 0 0 1/3 0 0 0 1/3 1/3 1/3 0 0 0 0 0 0 2/3 1/3 0 0 0
 1 1/3 1/3 1/3 0 0 0 0 0 0 2/3 0 0 0 0 1/3 0 0 1/3 1/3 0 0 0 1/3 0 0 0 0 2/3 1/3 0 0 0
 1 1/3 1/3 1/3 0 0 0 0 0 0 2/3 0 0 0 0 1/3 0 0 0 2/3 0 0 1/3 0 0 0 0 0 2/3 1/3 0 0 0
 1 1/3 1/3 1/3 0 0 0 0 0 0 1/3 0 1/3 1/3 0 0 0 0 0 2/3 0 0 1/3 0 0 0 0 0 2/3 1/3 0 0 0
 1 1/3 1/3 1/3 0 0 0 0 0 1/3 0 0 1/3 1/3 0 0 0 2/3 0 0 0 0 0 0 1/3 2/3 0 0 0 0 0 0 1/3
 1 1/3 1/3 1/3 0 0 0 0 0 0 1/3 1/3 0 0 1/3 0 0 0 0 2/3 0 0 1/3 0 0 0 0 0 2/3 1/3 0 0 0
 1 1/3 1/3 1/3 0 0 0 0 0 1/3 0 1/3 0 0 1/3 0 0 2/3 0 0 0 0 0 0 1/3 2/3 0 0 0 0 0 0 1/3
 1 1/3 1/3 1/3 0 0 0 0 0 2/3 0 0 0 0 0 0 1/3 2/3 0 0 0 0 0 0 1/3 1/3 0 1/3 0 0 1/3 0 0
 1 1/3 1/3 1/3 0 0 0 0 0 2/3 0 0 0 0 0 0 1/3 2/3 0 0 0 0 0 0 1/3 1/3 1/3 0 0 0 0 1/3 0
 1 1/3 1/3 1/3 0 0 0 0 0 2/3 0 0 0 0 0 0 1/3 1/3 0 0 1/3 1/3 0 0 0 2/3 0 0 0 0 0 0 1/3
 1 1/3 1/3 1/3 0 0 0 0 0 2/3 0 0 0 0 0 0 1/3 1/3 1/3 0 0 0 0 1/3 0 2/3 0 0 0 0 0 0 1/3
 1 1/3 1/3 1/3 0 0 0 0 0 0 2/3 0 1/3 0 0 0 0 0 0 2/3 0 0 1/3 0 0 0 1/3 0 2/3 0 0 0 0
 1 1/3 1/3 1/3 0 0 0 0 0 0 2/3 1/3 0 0 0 0 0 0 1/3 2/3 0 0 0 0 0 0 0 0 2/3 1/3 0 0 0
 1 1/3 1/3 1/3 0 0 0 0 0 0 2/3 0 0 0 0 1/3 0 0 0 2/3 1/3 0 0 0 0 0 0 1/3 2/3 0 0 0 0
 1 1/2 1/4 1/4 0 0 0 0 0 0 3/4 0 0 0 0 1/4 0 0 0 3/4 0 0 1/4 0 0 0 1/4 1/4 1/2 0 0 0 0
 1 1/4 1/2 1/4 0 0 0 0 0 0 3/4 0 0 0 0 1/4 0 0 1/4 1/2 1/4 0 0 0 0 0 0 0 3/4 1/4 0 0 0
 1 1/4 1/4 1/2 0 0 0 0 0 0 1/2 1/4 1/4 0 0 0 0 0 0 3/4 0 0 1/4 0 0 0 0 0 3/4 1/4 0 0 0
 1 1/3 1/3 1/3 0 0 0 0 0 2/3 0 0 1/3 0 0 0 0 2/3 0 0 1/3 0 0 0 0 2/3 0 0 0 0 0 0 1/3
 1 1/3 1/3 1/3 0 0 0 0 0 2/3 0 1/3 0 0 0 0 0 2/3 0 0 0 0 0 0 1/3 2/3 0 1/3 0 0 0 0 0
 1 1/3 1/3 1/3 0 0 0 0 0 2/3 0 0 0 0 0 0 1/3 2/3 1/3 0 0 0 0 0 0 2/3 1/3 0 0 0 0 0 0
 1 1/4 1/4 1/2 0 0 0 0 0 1/2 0 1/4 1/4 0 0 0 0 3/4 0 0 0 0 0 0 1/4 3/4 0 0 0 0 0 0 1/4
 1 1/2 1/4 1/4 0 0 0 0 0 3/4 0 0 0 0 0 0 1/4 3/4 0 0 0 0 0 0 1/4 1/2 1/4 1/4 0 0 0 0 0
 1 1/4 1/2 1/4 0 0 0 0 0 3/4 0 0 0 0 0 0 1/4 1/2 1/4 0 1/4 0 0 0 0 3/4 0 0 0 0 0 0 1/4
 1 1/3 1/3 1/3 0 0 0 0 0 0 1/3 0 1/3 1/3 0 0 0 0 0 2/3 0 0 1/3 0 0 0 1/3 0 1/3 0 0 1/3 0
 1 1/3 1/3 1/3 0 0 0 0 0 1/3 0 0 1/3 1/3 0 0 0 1/3 0 0 1/3 1/3 0 0 0 2/3 0 0 0 0 0 0 1/3
 1 1/3 1/3 1/3 0 0 0 0 0 1/3 0 0 1/3 1/3 0 0 0 2/3 0 0 0 0 0 0 1/3 1/3 1/3 0 0 0 0 1/3 0
 1 1/3 1/3 1/3 0 0 0 0 0 0 1/3 0 1/3 1/3 0 0 0 0 0 1/3 1/3 1/3 0 0 0 0 0 0 2/3 1/3 0 0 0
 1 1/3 1/3 1/3 0 0 0 0 0 1/3 0 1/3 0 0 1/3 0 0 1/3 1/3 0 0 0 0 1/3 0 2/3 0 0 0 0 0 0 1/3
 1 1/3 1/3 1/3 0 0 0 0 0 0 1/3 1/3 0 0 1/3 0 0 0 1/3 1/3 0 0 0 1/3 0 0 0 0 2/3 1/3 0 0 0
 1 1/3 1/3 1/3 0 0 0 0 0 0 1/3 1/3 0 0 1/3 0 0 0 0 2/3 0 0 1/3 0 0 0 0 1/3 1/3 0 1/3 0 0
 1 1/3 1/3 1/3 0 0 0 0 0 1/3 0 1/3 0 0 1/3 0 0 2/3 0 0 0 0 0 0 1/3 1/3 0 1/3 0 0 1/3 0 0
 1 1/3 1/3 1/3 0 0 0 0 0 2/3 0 0 0 0 0 0 1/3 1/3 0 0 1/3 1/3 0 0 0 1/3 0 1/3 0 0 1/3 0 0
 1 1/3 1/3 1/3 0 0 0 0 0 0 2/3 0 0 0 0 1/3 0 0 0 1/3 1/3 1/3 0 0 0 0 0 1/3 1/3 0 1/3 0 0
 1 1/3 1/3 1/3 0 0 0 0 0 0 2/3 0 0 0 0 1/3 0 0 1/3 1/3 0 0 0 1/3 0 0 1/3 0 1/3 0 0 1/3 0
 1 1/3 1/3 1/3 0 0 0 0 0 2/3 0 0 0 0 0 0 1/3 1/3 1/3 0 0 0 0 1/3 0 1/3 1/3 0 0 0 0 1/3 0
 1 1/3 1/3 0 1/3 0 0 0 0 2/3 0 0 0 0 0 0 1/3 0 0 1/3 1/3 0 1/3 0 0 0 0 1/3 1/3 1/3 0 0 0
 1 1/3 1/3 0 1/3 0 0 0 0 0 2/3 0 0 0 0 1/3 0 0 1/3 1/3 0 0 1/3 0 0 0 1/3 0 1/3 1/3 0 0 0
 1 1/3 1/3 0 1/3 0 0 0 0 0 2/3 0 0 0 0 1/3 0 1/3 1/3 0 0 0 0 0 1/3 1/3 1/3 0 0 0 0 0 1/3
 1 1/3 1/3 0 1/3 0 0 0 0 2/3 0 0 0 0 0 0 1/3 1/3 0 0 1/3 0 0 0 1/3 1/3 0 1/3 0 0 0 0 1/3
 1 1/3 1/3 0 1/3 0 0 0 0 0 1/3 1/3 0 0 1/3 0 0 0 1/3 1/3 0 0 1/3 0 0 0 2/3 0 0 0 0 1/3 0
 1 1/3 1/3 0 1/3 0 0 0 0 1/3 0 1/3 0 0 1/3 0 0 0 0 1/3 1/3 0 1/3 0 0 0 0 2/3 0 0 1/3 0 0
 1 1/3 1/3 0 1/3 0 0 0 0 1/3 0 1/3 0 0 1/3 0 0 0 0 0 2/3 1/3 0 0 0 1/3 0 1/3 0 0 0 0 1/3
 1 1/3 1/3 0 1/3 0 0 0 0 0 1/3 1/3 0 0 1/3 0 0 0 2/3 0 0 0 0 1/3 0 1/3 1/3 0 0 0 0 0 1/3
 1 1/3 1/3 0 1/3 0 0 0 0 1/3 0 0 1/3 1/3 0 0 0 0 0 0 2/3 1/3 0 0 0 0 0 1/3 1/3 1/3 0 0 0
 1 1/3 1/3 0 1/3 0 0 0 0 0 1/3 0 1/3 1/3 0 0 0 1/3 1/3 0 0 0 0 0 1/3 0 2/3 0 0 0 0 1/3 0
 1 1/3 1/3 0 1/3 0 0 0 0 0 1/3 0 1/3 1/3 0 0 0 0 2/3 0 0 0 0 1/3 0 0 1/3 0 1/3 1/3 0 0 0
 1 1/3 1/3 0 1/3 0 0 0 0 1/3 0 0 1/3 1/3 0 0 0 1/3 0 0 1/3 0 0 0 1/3 0 0 2/3 0 0 1/3 0 0
 1 1/4 1/2 0 1/4 0 0 0 0 3/4 0 0 0 0 0 0 1/4 0 0 0 3/4 1/4 0 0 0 1/4 0 1/2 1/4 0 0 0 0
 1 1/2 1/4 0 1/4 0 0 0 0 3/4 0 0 0 0 0 0 1/4 1/4 0 1/4 1/2 0 0 0 0 0 0 3/4 0 0 1/4 0 0
 1 1/4 1/4 0 1/2 0 0 0 0 1/2 0 1/4 1/4 0 0 0 0 0 0 0 3/4 1/4 0 0 0 0 0 3/4 0 0 1/4 0 0
 1 1/3 1/3 0 1/3 0 0 0 0 2/3 0 0 0 0 0 0 1/3 0 0 1/3 2/3 0 0 0 0 0 0 2/3 1/3 0 0 0 0
 1 1/3 1/3 0 1/3 0 0 0 0 2/3 0 1/3 0 0 0 0 0 0 0 0 2/3 1/3 0 0 0 1/3 0 2/3 0 0 0 0 0
 1 1/3 1/3 0 1/3 0 0 0 0 2/3 0 0 1/3 0 0 0 0 1/3 0 0 2/3 0 0 0 0 0 0 2/3 0 0 1/3 0 0
 1 1/4 1/4 0 1/2 0 0 0 0 0 1/2 1/4 1/4 0 0 0 0 0 3/4 0 0 0 0 1/4 0 0 3/4 0 0 0 0 1/4 0
 1 1/4 1/2 0 1/4 0 0 0 0 0 3/4 0 0 0 0 1/4 0 0 3/4 0 0 0 0 1/4 0 1/4 1/2 0 1/4 0 0 0 0
 1 1/2 1/4 0 1/4 0 0 0 0 0 3/4 0 0 0 0 1/4 0 1/4 1/2 1/4 0 0 0 0 0 0 3/4 0 0 0 0 1/4 0
 1 1/3 1/3 0 1/3 0 0 0 0 0 2/3 0 0 0 0 1/3 0 1/3 2/3 0 0 0 0 0 0 1/3 2/3 0 0 0 0 0 0
 1 1/3 1/3 0 1/3 0 0 0 0 0 2/3 1/3 0 0 0 0 0 0 2/3 1/3 0 0 0 0 0 0 2/3 0 0 0 0 1/3 0
 1 1/3 1/3 0 1/3 0 0 0 0 0 2/3 0 1/3 0 0 0 0 0 2/3 0 0 0 0 1/3 0 0 2/3 0 1/3 0 0 0 0
 1 1/4 1/2 0 0 0 0 1/4 0 3/4 0 0 0 0 0 0 1/4 1/4 0 0 1/2 1/4 0 0 0 1/4 0 1/2 0 0 1/4 0 0
 1 1/4 1/2 0 0 0 0 1/4 0 3/4 0 0 0 0 0 0 1/4 1/4 0 0 1/2 1/4 0 0 0 1/2 0 1/4 0 0 0 0 1/4
 1 1/4 1/2 0 0 0 0 1/4 0 3/4 0 0 0 0 0 0 1/4 1/2 0 0 1/4 0 0 0 1/4 1/4 0 1/2 0 0 1/4 0 0
 1 1/4 1/2 0 0 0 0 1/4 0 3/4 0 0 0 0 0 0 1/4 1/2 0 0 1/4 0 0 0 1/4 1/2 0 1/4 0 0 0 0 1/4
 1 1/3 1/3 0 0 0 0 1/3 0 2/3 0 0 0 0 0 0 1/3 1/3 0 0 1/3 1/3 0 0 0 1/3 1/3 1/3 0 0 0 0 0
 1 1/3 1/3 0 0 0 0 1/3 0 2/3 0 0 0 0 0 0 1/3 1/3 0 1/3 1/3 0 0 0 0 1/3 0 1/3 0 0 0 0 1/3
 1 1/3 1/3 0 0 0 0 1/3 0 2/3 0 0 0 0 0 0 1/3 1/3 0 1/3 1/3 0 0 0 0 0 0 2/3 0 0 1/3 0 0
 1 1/3 1/3 0 0 0 0 1/3 0 1/3 1/3 0 0 0 0 1/3 0 1/3 0 1/3 1/3 0 0 0 0 0 0 2/3 0 0 1/3 0 0
 1 1/3 1/3 0 0 0 0 1/3 0 1/3 1/3 0 0 0 0 1/3 0 2/3 0 0 0 0 0 0 1/3 1/3 1/3 1/3 0 0 0 0 0
 1 1/3 1/3 0 0 0 0 1/3 0 1/3 1/3 0 0 0 0 0 1/3 0 0 2/3 0 0 1/3 0 0 0 1/3 1/3 1/3 0 0 0 0
 1 1/4 1/2 0 0 0 0 1/4 0 0 3/4 0 0 0 0 1/4 0 0 1/2 1/4 0 0 0 1/4 0 0 1/2 0 1/4 0 0 1/4 0
 1 1/4 1/2 0 0 0 0 1/4 0 0 3/4 0 0 0 0 1/4 0 0 1/4 1/2 0 0 1/4 0 0 0 1/4 0 1/2 1/4 0 0 0
 1 1/4 1/2 0 0 0 0 1/4 0 0 3/4 0 0 0 0 1/4 0 0 1/2 1/4 0 0 0 1/4 0 0 1/4 0 1/2 1/4 0 0 0
 1 1/4 1/2 0 0 0 0 1/4 0 0 3/4 0 0 0 0 1/4 0 0 1/4 1/2 0 0 1/4 0 0 0 1/2 0 1/4 0 0 1/4 0
 1 1/3 1/3 0 0 0 0 1/3 0 0 2/3 0 0 0 0 1/3 0 1/3 1/3 1/3 0 0 0 0 0 0 1/3 0 1/3 1/3 0 0 0
 1 1/3 1/3 0 0 0 0 1/3 0 0 2/3 0 0 0 0 1/3 0 0 1/3 1/3 0 0 0 1/3 0 0 1/3 1/3 1/3 0 0 0 0
 1 1/3 1/3 0 0 0 0 1/3 0 1/3 1/3 0 0 0 0 0 1/3 1/3 1/3 1/3 0 0 0 0 0 0 2/3 0 0 0 0 1/3 0
 1 1/3 1/3 0 0 0 0 1/3 0 0 2/3 0 0 0 0 1/3 0 1/3 1/3 1/3 0 0 0 0 0 0 2/3 0 0 0 0 1/3 0
 1 1/2 1/4 0 0 0 0 0 1/4 3/4 0 0 0 0 0 0 1/4 1/4 0 0 1/2 1/4 0 0 0 1/4 0 1/2 0 0 1/4 0 0
 1 1/2 1/4 0 0 0 0 0 1/4 3/4 0 0 0 0 0 0 1/4 1/4 0 0 1/2 1/4 0 0 0 1/2 0 1/4 0 0 0 0 1/4
 1 1/2 1/4 0 0 0 0 0 1/4 3/4 0 0 0 0 0 0 1/4 1/2 0 0 1/4 0 0 0 1/4 1/4 0 1/2 0 0 1/4 0 0
 1 1/2 1/4 0 0 0 0 0 1/4 3/4 0 0 0 0 0 0 1/4 1/2 0 0 1/4 0 0 0 1/4 1/2 0 1/4 0 0 0 0 1/4
 1 1/3 1/3 0 0 0 0 0 1/3 2/3 0 0 0 0 0 0 1/3 1/3 1/3 0 1/3 0 0 0 0 1/3 0 1/3 0 0 1/3 0 0
 1 1/3 1/3 0 0 0 0 0 1/3 2/3 0 0 0 0 0 0 1/3 1/3 0 0 1/3 0 0 0 1/3 1/3 0 1/3 1/3 0 0 0 0
 1 1/3 1/3 0 0 0 0 0 1/3 2/3 0 0 0 0 0 0 1/3 0 0 0 2/3 1/3 0 0 0 1/3 0 1/3 1/3 0 0 0 0
 1 1/3 1/3 0 0 0 0 0 1/3 1/3 1/3 0 0 0 0 1/3 0 0 0 0 2/3 1/3 0 0 0 1/3 0 1/3 1/3 0 0 0 0
 1 1/3 1/3 0 0 0 0 0 1/3 1/3 1/3 0 0 0 0 0 1/3 0 1/3 1/3 1/3 0 0 0 0 0 0 0 2/3 1/3 0 0 0
 1 1/3 1/3 0 0 0 0 0 1/3 1/3 1/3 0 0 0 0 1/3 0 1/3 1/3 0 1/3 0 0 0 0 2/3 0 0 0 0 0 0 1/3
 1 1/2 1/4 0 0 0 0 0 1/4 0 3/4 0 0 0 0 1/4 0 0 1/2 1/4 0 0 0 1/4 0 0 1/2 0 1/4 0 0 1/4 0
 1 1/2 1/4 0 0 0 0 0 1/4 0 3/4 0 0 0 0 1/4 0 0 1/4 1/2 0 0 1/4 0 0 0 1/4 0 1/2 1/4 0 0 0
 1 1/2 1/4 0 0 0 0 0 1/4 0 3/4 0 0 0 0 1/4 0 0 1/2 1/4 0 0 0 1/4 0 0 1/4 0 1/2 1/4 0 0 0
 1 1/2 1/4 0 0 0 0 0 1/4 0 3/4 0 0 0 0 1/4 0 0 1/4 1/2 0 0 1/4 0 0 0 1/2 0 1/4 0 0 1/4 0
 1 1/3 1/3 0 0 0 0 0 1/3 0 2/3 0 0 0 0 1/3 0 0 1/3 1/3 0 0 1/3 0 0 1/3 1/3 0 1/3 0 0 0 0
 1 1/3 1/3 0 0 0 0 0 1/3 0 2/3 0 0 0 0 1/3 0 0 1/3 1/3 1/3 0 0 0 0 0 1/3 0 1/3 0 0 1/3 0
 1 1/3 1/3 0 0 0 0 0 1/3 1/3 1/3 0 0 0 0 0 1/3 0 2/3 0 0 0 0 1/3 0 1/3 1/3 0 1/3 0 0 0 0
 1 1/3 1/3 0 0 0 0 0 1/3 0 2/3 0 0 0 0 1/3 0 0 2/3 0 0 0 0 1/3 0 1/3 1/3 0 1/3 0 0 0 0
 1 1/3 1/3 0 1/3 0 0 0 0 2/3 0 0 0 0 0 0 1/3 0 0 0 2/3 1/3 0 0 0 0 0 2/3 0 0 1/3 0 0
 1 1/3 1/3 0 1/3 0 0 0 0 0 2/3 0 0 0 0 1/3 0 1/3 1/3 0 0 0 0 0 1/3 0 2/3 0 0 0 0 1/3 0
 1 1/3 1/3 0 1/3 0 0 0 0 0 2/3 0 0 0 0 1/3 0 0 1/3 1/3 0 0 1/3 0 0 0 2/3 0 0 0 0 1/3 0
 1 1/3 1/3 0 1/3 0 0 0 0 0 2/3 0 0 0 0 1/3 0 0 2/3 0 0 0 0 1/3 0 0 1/3 0 1/3 1/3 0 0 0
 1 1/3 1/3 0 1/3 0 0 0 0 0 2/3 0 0 0 0 1/3 0 0 2/3 0 0 0 0 1/3 0 1/3 1/3 0 0 0 0 0 1/3
 1 1/3 1/3 0 1/3 0 0 0 0 0 2/3 0 0 0 0 1/3 0 0 2/3 0 0 0 0 1/3 0 0 2/3 0 0 0 0 1/3 0
 1 1/3 1/3 0 1/3 0 0 0 0 0 1/3 0 1/3 1/3 0 0 0 0 2/3 0 0 0 0 1/3 0 0 2/3 0 0 0 0 1/3 0
 1 1/3 1/3 0 1/3 0 0 0 0 1/3 0 0 1/3 1/3 0 0 0 0 0 0 2/3 1/3 0 0 0 0 0 2/3 0 0 1/3 0 0
 1 1/3 1/3 0 1/3 0 0 0 0 0 1/3 1/3 0 0 1/3 0 0 0 2/3 0 0 0 0 1/3 0 0 2/3 0 0 0 0 1/3 0
 1 1/3 1/3 0 1/3 0 0 0 0 1/3 0 1/3 0 0 1/3 0 0 0 0 0 2/3 1/3 0 0 0 0 0 2/3 0 0 1/3 0 0
 1 1/3 1/3 0 1/3 0 0 0 0 2/3 0 0 0 0 0 0 1/3 1/3 0 0 1/3 0 0 0 1/3 0 0 2/3 0 0 1/3 0 0
 1 1/3 1/3 0 1/3 0 0 0 0 2/3 0 0 0 0 0 0 1/3 0 0 1/3 1/3 0 1/3 0 0 0 0 2/3 0 0 1/3 0 0
 1 1/3 1/3 0 1/3 0 0 0 0 2/3 0 0 0 0 0 0 1/3 0 0 0 2/3 1/3 0 0 0 0 0 1/3 1/3 1/3 0 0 0
 1 1/3 1/3 0 1/3 0 0 0 0 2/3 0 0 0 0 0 0 1/3 0 0 0 2/3 1/3 0 0 0 1/3 0 1/3 0 0 0 0 1/3
 1 1/2 1/2 0 0 0 0 0 0 1 0 0 0 0 0 0 0 1/2 0 0 1/2 0 0 0 0 1/2 0 1/2 0 0 0 0 0
 1 2/3 1/3 0 0 0 0 0 0 2/3 1/3 0 0 0 0 0 0 2/3 0 0 0 0 0 0 1/3 1/3 1/3 1/3 0 0 0 0 0
 1 1/3 2/3 0 0 0 0 0 0 2/3 1/3 0 0 0 0 0 0 1/3 1/3 0 1/3 0 0 0 0 2/3 0 0 0 0 0 0 1/3
 1 1/2 1/2 0 0 0 0 0 0 1/2 1/2 0 0 0 0 0 0 1/2 1/2 0 0 0 0 0 0 1/2 1/2 0 0 0 0 0 0
 1 2/3 1/3 0 0 0 0 0 0 2/3 1/3 0 0 0 0 0 0 1/3 0 1/3 1/3 0 0 0 0 0 0 2/3 0 0 1/3 0 0
 1 2/3 1/3 0 0 0 0 0 0 1/3 2/3 0 0 0 0 0 0 1/3 1/3 1/3 0 0 0 0 0 0 2/3 0 0 0 0 1/3 0
 1 1/3 2/3 0 0 0 0 0 0 2/3 1/3 0 0 0 0 0 0 0 0 0 2/3 1/3 0 0 0 1/3 0 1/3 1/3 0 0 0 0
 1 1/3 2/3 0 0 0 0 0 0 1/3 2/3 0 0 0 0 0 0 0 2/3 0 0 0 0 1/3 0 1/3 1/3 0 1/3 0 0 0 0
 1 1/2 1/2 0 0 0 0 0 0 1/2 1/2 0 0 0 0 0 0 0 0 1/2 1/2 0 0 0 0 0 0 1/2 1/2 0 0 0 0
 1 2/3 1/3 0 0 0 0 0 0 1/3 2/3 0 0 0 0 0 0 0 0 2/3 0 0 1/3 0 0 0 1/3 1/3 1/3 0 0 0 0
 1 1/3 2/3 0 0 0 0 0 0 1/3 2/3 0 0 0 0 0 0 0 1/3 1/3 1/3 0 0 0 0 0 0 0 2/3 1/3 0 0 0
 1 1/2 1/2 0 0 0 0 0 0 0 1 0 0 0 0 0 0 0 1/2 1/2 0 0 0 0 0 0 1/2 0 1/2 0 0 0 0
 1 1/3 1/3 0 0 0 0 1/3 0 2/3 0 0 0 0 0 0 1/3 2/3 0 0 0 0 0 0 1/3 1/3 1/3 1/3 0 0 0 0 0
 1 1/3 1/3 0 0 0 0 1/3 0 0 2/3 0 0 0 0 1/3 0 0 0 2/3 0 0 1/3 0 0 0 1/3 1/3 1/3 0 0 0 0
 1 1/3 1/3 0 0 0 0 0 1/3 2/3 0 0 0 0 0 0 1/3 1/3 1/3 0 1/3 0 0 0 0 2/3 0 0 0 0 0 0 1/3
 1 1/3 1/3 0 0 0 0 0 1/3 0 2/3 0 0 0 0 1/3 0 0 1/3 1/3 1/3 0 0 0 0 0 0 0 2/3 1/3 0 0 0
 1 1/2 1/2 0 0 0 0 0 0 1/2 1/2 0 0 0 0 0 0 0 1/2 0 0 0 0 1/2 0 0 1/2 0 0 0 0 1/2 0
 1 1/2 1/2 0 0 0 0 0 0 1/2 1/2 0 0 0 0 0 0 0 0 1/2 0 0 1/2 0 0 0 0 0 1/2 1/2 0 0 0
 1 1/2 1/2 0 0 0 0 0 0 1/2 1/2 0 0 0 0 0 0 1/2 0 0 0 0 0 0 1/2 1/2 0 0 0 0 0 0 1/2
 1 1/2 1/2 0 0 0 0 0 0 1/2 1/2 0 0 0 0 0 0 0 0 0 1/2 1/2 0 0 0 0 0 1/2 0 0 1/2 0 0
 1 1/2 1/2 0 0 0 0 0 0 1/2 0 0 0 0 1/2 0 0 1/2 0 0 1/2 0 0 0 0 0 0 1/2 0 0 1/2 0 0
 1 1/2 1/2 0 0 0 0 0 0 0 1/2 0 0 0 1/2 0 0 0 0 1/2 0 0 1/2 0 0 0 1/2 0 1/2 0 0 0 0
 1 1/2 1/2 0 0 0 0 0 0 1/2 0 0 0 0 1/2 0 0 1/2 0 0 1/2 0 0 0 0 1/2 0 0 0 0 0 0 1/2
 1 1/2 1/2 0 0 0 0 0 0 0 1/2 0 0 0 1/2 0 0 0 1/2 0 0 0 0 1/2 0 0 1/2 0 1/2 0 0 0 0
 1 1/2 1/2 0 0 0 0 0 0 0 1/2 0 0 1/2 0 0 0 0 1/2 1/2 0 0 0 0 0 0 0 0 1/2 1/2 0 0 0
 1 1/2 1/2 0 0 0 0 0 0 1/2 0 0 0 1/2 0 0 0 0 0 0 1/2 1/2 0 0 0 1/2 0 1/2 0 0 0 0 0
 1 1/2 1/2 0 0 0 0 0 0 0 1/2 0 0 1/2 0 0 0 0 1/2 1/2 0 0 0 0 0 0 1/2 0 0 0 0 1/2 0
 1 1/2 1/2 0 0 0 0 0 0 1/2 0 0 0 1/2 0 0 0 1/2 0 0 0 0 0 0 1/2 1/2 0 1/2 0 0 0 0 0
 1 1/2 1/2 0 0 0 0 0 0 1/2 1/2 0 0 0 0 0 0 1/2 0 0 0 0 0 0 1/2 0 0 1/2 0 0 1/2 0 0
 1 1/2 1/2 0 0 0 0 0 0 1/2 1/2 0 0 0 0 0 0 1/2 0 0 0 0 0 0 1/2 0 1/2 0 0 0 0 1/2 0
 1 1/2 1/2 0 0 0 0 0 0 1/2 1/2 0 0 0 0 0 0 0 0 1/2 0 0 1/2 0 0 0 1/2 0 0 0 0 1/2 0
 1 1/2 1/2 0 0 0 0 0 0 1/2 1/2 0 0 0 0 0 0 0 0 1/2 0 0 1/2 0 0 0 0 1/2 0 0 1/2 0 0
 1 1/2 1/2 0 0 0 0 0 0 1/2 1/2 0 0 0 0 0 0 0 0 0 1/2 1/2 0 0 0 0 0 0 1/2 1/2 0 0 0
 1 1/2 1/2 0 0 0 0 0 0 1/2 1/2 0 0 0 0 0 0 0 0 0 1/2 1/2 0 0 0 1/2 0 0 0 0 0 0 1/2
 1 1/2 1/2 0 0 0 0 0 0 1/2 1/2 0 0 0 0 0 0 0 1/2 0 0 0 0 1/2 0 0 0 0 1/2 1/2 0 0 0
 1 1/2 1/2 0 0 0 0 0 0 1/2 1/2 0 0 0 0 0 0 0 1/2 0 0 0 0 1/2 0 1/2 0 0 0 0 0 0 1/2
 1 0 2/3 0 0 0 0 1/3 0 1/3 1/3 0 1/3 0 0 0 0 0 1/3 0 1/3 0 0 1/3 0 1/3 0 0 1/3 0 0 0 1/3
 1 0 2/3 0 0 0 0 1/3 0 1/3 1/3 0 1/3 0 0 0 0 0 1/3 0 1/3 0 0 1/3 0 0 0 0 2/3 1/3 0 0 0
 1 0 2/3 0 0 0 0 1/3 0 1/3 1/3 0 1/3 0 0 0 0 0 0 0 2/3 1/3 0 0 0 1/3 0 0 1/3 0 0 0 1/3
 1 0 2/3 0 0 0 0 1/3 0 1/3 1/3 0 1/3 0 0 0 0 0 0 0 2/3 1/3 0 0 0 0 0 0 2/3 1/3 0 0 0
 1 0 2/3 0 0 0 0 1/3 0 1/3 1/3 0 1/3 0 0 0 0 0 0 1/3 1/3 0 1/3 0 0 0 0 1/3 1/3 0 1/3 0 0
 1 0 2/3 0 0 0 0 1/3 0 1/3 0 0 1/3 1/3 0 0 0 1/3 0 0 1/3 0 0 0 1/3 1/3 0 1/3 1/3 0 0 0 0
 1 0 2/3 0 0 0 0 1/3 0 0 1/3 0 1/3 1/3 0 0 0 0 1/3 1/3 1/3 0 0 0 0 0 1/3 0 1/3 0 0 1/3 0
 1 0 2/3 0 0 0 0 1/3 0 1/3 0 0 1/3 1/3 0 0 0 0 0 0 2/3 1/3 0 0 0 1/3 0 1/3 1/3 0 0 0 0
 1 0 2/3 0 0 0 0 1/3 0 0 1/3 0 1/3 1/3 0 0 0 0 1/3 1/3 1/3 0 0 0 0 0 0 0 2/3 1/3 0 0 0
 1 0 2/3 0 0 0 0 1/3 0 1/3 1/3 0 1/3 0 0 0 0 0 0 0 2/3 1/3 0 0 0 0 0 1/3 1/3 0 1/3 0 0
 1 0 2/3 0 0 0 0 1/3 0 1/3 1/3 0 1/3 0 0 0 0 0 0 1/3 1/3 0 1/3 0 0 0 0 0 2/3 1/3 0 0 0
 1 0 2/3 0 0 0 0 1/3 0 0 2/3 0 1/3 0 0 0 0 0 1/3 1/3 1/3 0 0 0 0 0 1/3 0 2/3 0 0 0 0
 1 0 3/4 0 0 0 0 1/4 0 1/4 1/2 0 1/4 0 0 0 0 0 1/4 1/4 1/2 0 0 0 0 0 0 0 3/4 1/4 0 0 0
 1 0 2/3 0 0 0 0 1/3 0 1/3 1/3 0 1/3 0 0 0 0 0 0 1/3 2/3 0 0 0 0 0 0 1/3 2/3 0 0 0 0
 1 0 3/4 0 0 0 0 1/4 0 1/2 1/4 0 1/4 0 0 0 0 0 0 0 3/4 1/4 0 0 0 1/4 0 1/4 1/2 0 0 0 0
 1 0 2/3 0 0 0 0 1/3 0 2/3 0 0 1/3 0 0 0 0 1/3 0 0 2/3 0 0 0 0 1/3 0 1/3 1/3 0 0 0 0
 1 0 1/2 0 1/4 0 0 1/4 0 1/2 0 0 1/4 0 0 0 1/4 0 0 0 3/4 1/4 0 0 0 0 0 1/4 1/2 1/4 0 0 0
 1 0 1/2 0 1/4 0 0 1/4 0 1/4 0 0 1/2 1/4 0 0 0 0 0 0 3/4 1/4 0 0 0 0 0 1/2 1/4 0 1/4 0 0
 1 0 1/2 0 1/4 0 0 1/4 0 1/2 0 0 1/4 0 0 0 1/4 0 0 0 3/4 1/4 0 0 0 0 0 1/2 1/4 0 1/4 0 0
 1 0 1/2 0 1/4 0 0 1/4 0 1/4 0 0 1/2 1/4 0 0 0 0 0 0 3/4 1/4 0 0 0 0 0 1/4 1/2 1/4 0 0 0
 1 0 1/2 1/4 0 0 0 1/4 0 0 1/4 0 1/2 1/4 0 0 0 0 0 1/4 1/2 1/4 0 0 0 0 0 0 3/4 1/4 0 0 0
 1 0 1/2 1/4 0 0 0 1/4 0 0 1/4 0 1/2 1/4 0 0 0 0 0 1/2 1/4 0 1/4 0 0 0 0 0 3/4 1/4 0 0 0
 1 0 1/2 1/4 0 0 0 1/4 0 0 1/2 0 1/4 0 0 1/4 0 0 0 1/2 1/4 0 1/4 0 0 0 0 0 3/4 1/4 0 0 0
 1 0 1/2 1/4 0 0 0 1/4 0 0 1/2 0 1/4 0 0 1/4 0 0 0 1/4 1/2 1/4 0 0 0 0 0 0 3/4 1/4 0 0 0
 1 0 1/3 1/3 0 0 0 1/3 0 0 0 0 2/3 1/3 0 0 0 1/3 0 1/3 1/3 0 0 0 0 0 0 0 2/3 1/3 0 0 0
 1 0 1/3 1/3 0 0 0 1/3 0 0 0 0 2/3 1/3 0 0 0 1/3 0 1/3 1/3 0 0 0 0 1/3 0 0 1/3 0 0 0 1/3
 1 0 1/3 1/3 0 0 0 1/3 0 0 1/3 1/3 1/3 0 0 0 0 0 0 1/3 1/3 1/3 0 0 0 0 0 0 2/3 1/3 0 0 0
 1 0 1/3 1/3 0 0 0 1/3 0 0 1/3 0 1/3 0 0 1/3 0 1/3 0 1/3 1/3 0 0 0 0 0 0 0 2/3 1/3 0 0 0
 1 0 1/3 0 1/3 0 0 1/3 0 0 0 0 2/3 1/3 0 0 0 0 0 0 2/3 1/3 0 0 0 0 1/3 1/3 1/3 0 0 0 0
 1 0 1/3 0 1/3 0 0 1/3 0 0 0 0 2/3 1/3 0 0 0 0 1/3 0 1/3 0 0 1/3 0 0 1/3 1/3 1/3 0 0 0 0
 1 0 1/3 0 1/3 0 0 1/3 0 1/3 0 1/3 1/3 0 0 0 0 0 0 0 2/3 1/3 0 0 0 0 0 1/3 1/3 1/3 0 0 0
 1 0 1/3 0 1/3 0 0 1/3 0 1/3 0 0 1/3 0 0 0 1/3 0 0 0 2/3 1/3 0 0 0 0 1/3 1/3 1/3 0 0 0 0
 1 0 1/2 0 0 0 0 1/2 0 1/2 0 0 1/2 0 0 0 0 0 0 0 1/2 0 0 1/2 0 0 0 1/2 1/2 0 0 0 0
 1 0 1/2 0 0 0 0 1/2 0 1/2 0 0 1/2 0 0 0 0 1/2 0 0 1/2 0 0 0 0 0 0 0 1/2 1/2 0 0 0
 1 0 1/2 0 0 0 0 1/2 0 0 1/2 0 1/2 0 0 0 0 0 0 1/2 1/2 0 0 0 0 0 0 0 1/2 0 0 0 1/2
 1 0 1/2 0 0 0 0 1/2 0 0 1/2 0 1/2 0 0 0 0 0 0 0 1/2 1/2 0 0 0 0 1/2 0 1/2 0 0 0 0
 1 0 1/2 0 0 0 0 1/2 0 0 0 0 1/2 1/2 0 0 0 0 0 1/2 1/2 0 0 0 0 0 0 1/2 1/2 0 0 0 0
 1 0 2/3 0 0 0 0 1/3 0 1/3 1/3 1/3 0 0 0 0 0 0 2/3 0 0 0 0 1/3 0 2/3 0 0 0 0 0 0 1/3
 1 0 2/3 0 0 0 0 1/3 0 1/3 1/3 1/3 0 0 0 0 0 0 2/3 0 0 0 0 1/3 0 1/3 0 0 1/3 1/3 0 0 0
 1 0 2/3 0 0 0 0 1/3 0 1/3 1/3 1/3 0 0 0 0 0 0 1/3 0 1/3 1/3 0 0 0 2/3 0 0 0 0 0 0 1/3
 1 0 2/3 0 0 0 0 1/3 0 1/3 1/3 1/3 0 0 0 0 0 0 1/3 0 1/3 1/3 0 0 0 1/3 0 0 1/3 1/3 0 0 0
 1 0 2/3 0 0 0 0 1/3 0 1/3 1/3 1/3 0 0 0 0 0 1/3 1/3 0 0 0 0 0 1/3 1/3 1/3 0 0 0 0 1/3 0
 1 0 2/3 0 0 0 0 1/3 0 0 1/3 1/3 0 0 1/3 0 0 0 2/3 0 0 0 0 1/3 0 1/3 1/3 0 1/3 0 0 0 0
 1 0 2/3 0 0 0 0 1/3 0 1/3 0 1/3 0 0 1/3 0 0 1/3 1/3 0 1/3 0 0 0 0 2/3 0 0 0 0 0 0 1/3
 1 0 2/3 0 0 0 0 1/3 0 0 1/3 1/3 0 0 1/3 0 0 0 1/3 1/3 0 0 1/3 0 0 1/3 1/3 0 1/3 0 0 0 0
 1 0 2/3 0 0 0 0 1/3 0 1/3 0 1/3 0 0 1/3 0 0 1/3 1/3 0 1/3 0 0 0 0 1/3 0 1/3 0 0 1/3 0 0
 1 0 2/3 0 0 0 0 1/3 0 1/3 1/3 1/3 0 0 0 0 0 1/3 1/3 0 0 0 0 0 1/3 2/3 0 0 0 0 0 0 1/3
 1 0 2/3 0 0 0 0 1/3 0 1/3 1/3 1/3 0 0 0 0 0 0 2/3 0 0 0 0 1/3 0 1/3 1/3 0 0 0 0 1/3 0
 1 0 2/3 0 0 0 0 1/3 0 0 2/3 1/3 0 0 0 0 0 0 2/3 1/3 0 0 0 0 0 1/3 1/3 0 1/3 0 0 0 0
 1 0 3/4 0 0 0 0 1/4 0 1/4 1/2 1/4 0 0 0 0 0 0 3/4 0 0 0 0 1/4 0 1/2 1/4 0 1/4 0 0 0 0
 1 0 2/3 0 0 0 0 1/3 0 1/3 1/3 1/3 0 0 0 0 0 1/3 2/3 0 0 0 0 0 0 2/3 1/3 0 0 0 0 0 0
 1 0 3/4 0 0 0 0 1/4 0 1/2 1/4 1/4 0 0 0 0 0 1/4 1/2 0 1/4 0 0 0 0 3/4 0 0 0 0 0 0 1/4
 1 0 2/3 0 0 0 0 1/3 0 2/3 0 1/3 0 0 0 0 0 1/3 1/3 0 1/3 0 0 0 0 2/3 0 1/3 0 0 0 0 0
 1 0 1/2 0 1/4 0 0 1/4 0 0 1/4 1/2 0 0 1/4 0 0 0 3/4 0 0 0 0 1/4 0 1/4 1/2 0 0 0 0 1/4 0
 1 0 1/2 0 1/4 0 0 1/4 0 0 1/2 1/4 0 0 0 1/4 0 0 3/4 0 0 0 0 1/4 0 1/4 1/2 0 0 0 0 1/4 0
 1 0 1/2 0 1/4 0 0 1/4 0 0 1/2 1/4 0 0 0 1/4 0 0 3/4 0 0 0 0 1/4 0 1/2 1/4 0 0 0 0 0 1/4
 1 0 1/2 0 1/4 0 0 1/4 0 0 1/4 1/2 0 0 1/4 0 0 0 3/4 0 0 0 0 1/4 0 1/2 1/4 0 0 0 0 0 1/4
 1 0 1/2 1/4 0 0 0 1/4 0 1/4 0 1/2 0 0 1/4 0 0 1/4 1/2 0 0 0 0 1/4 0 3/4 0 0 0 0 0 0 1/4
 1 0 1/2 1/4 0 0 0 1/4 0 1/2 0 1/4 0 0 0 0 1/4 1/4 1/2 0 0 0 0 1/4 0 3/4 0 0 0 0 0 0 1/4
 1 0 1/2 1/4 0 0 0 1/4 0 1/4 0 1/2 0 0 1/4 0 0 1/2 1/4 0 0 0 0 0 1/4 3/4 0 0 0 0 0 0 1/4
 1 0 1/2 1/4 0 0 0 1/4 0 1/2 0 1/4 0 0 0 0 1/4 1/2 1/4 0 0 0 0 0 1/4 3/4 0 0 0 0 0 0 1/4
 1 0 1/3 1/3 0 0 0 1/3 0 0 0 2/3 0 0 1/3 0 0 1/3 1/3 1/3 0 0 0 0 0 1/3 0 0 1/3 1/3 0 0 0
 1 0 1/3 1/3 0 0 0 1/3 0 0 0 2/3 0 0 1/3 0 0 1/3 1/3 1/3 0 0 0 0 0 2/3 0 0 0 0 0 0 1/3
 1 0 1/3 1/3 0 0 0 1/3 0 1/3 0 1/3 1/3 0 0 0 0 1/3 1/3 0 0 0 0 1/3 0 2/3 0 0 0 0 0 0 1/3
 1 0 1/3 1/3 0 0 0 1/3 0 1/3 0 1/3 0 0 0 0 1/3 1/3 1/3 1/3 0 0 0 0 0 2/3 0 0 0 0 0 0 1/3
 1 0 1/3 0 1/3 0 0 1/3 0 0 0 2/3 0 0 1/3 0 0 0 1/3 0 1/3 1/3 0 0 0 1/3 1/3 1/3 0 0 0 0 0
 1 0 1/3 0 1/3 0 0 1/3 0 0 0 2/3 0 0 1/3 0 0 0 2/3 0 0 0 0 1/3 0 1/3 1/3 1/3 0 0 0 0 0
 1 0 1/3 0 1/3 0 0 1/3 0 0 1/3 1/3 1/3 0 0 0 0 0 2/3 0 0 0 0 1/3 0 1/3 1/3 0 0 0 0 0 1/3
 1 0 1/3 0 1/3 0 0 1/3 0 0 1/3 1/3 0 0 0 1/3 0 0 2/3 0 0 0 0 1/3 0 1/3 1/3 1/3 0 0 0 0 0
 1 0 1/2 0 0 0 0 1/2 0 1/2 0 1/2 0 0 0 0 0 0 1/2 0 0 0 0 1/2 0 1/2 0 1/2 0 0 0 0 0
 1 0 1/2 0 0 0 0 1/2 0 1/2 0 1/2 0 0 0 0 0 1/2 1/2 0 0 0 0 0 0 1/2 0 0 0 1/2 0 0 0
 1 0 1/2 0 0 0 0 1/2 0 0 1/2 1/2 0 0 0 0 0 0 1/2 1/2 0 0 0 0 0 1/2 0 0 0 0 0 0 1/2
 1 0 1/2 0 0 0 0 1/2 0 0 1/2 1/2 0 0 0 0 0 0 1/2 0 0 1/2 0 0 0 1/2 1/2 0 0 0 0 0 0
 1 0 1/2 0 0 0 0 1/2 0 0 0 1/2 0 0 1/2 0 0 1/2 1/2 0 0 0 0 0 0 1/2 1/2 0 0 0 0 0 0
 1 0 3/4 0 0 0 0 1/4 0 1/4 1/2 0 0 0 0 1/4 0 0 1/2 0 1/4 0 0 1/4 0 1/2 0 0 1/4 0 0 0 1/4
 1 0 3/4 0 0 0 0 1/4 0 1/4 1/2 0 0 0 0 1/4 0 0 1/2 0 1/4 0 0 1/4 0 1/4 0 0 1/2 1/4 0 0 0
 1 0 3/4 0 0 0 0 1/4 0 1/4 1/2 0 0 0 0 1/4 0 0 1/4 0 1/2 1/4 0 0 0 1/2 0 0 1/4 0 0 0 1/4
 1 0 3/4 0 0 0 0 1/4 0 1/4 1/2 0 0 0 0 1/4 0 0 1/4 0 1/2 1/4 0 0 0 1/4 0 0 1/2 1/4 0 0 0
 1 0 3/4 0 0 0 0 1/4 0 0 3/4 0 0 0 0 1/4 0 0 1/2 1/4 1/4 0 0 0 0 1/4 1/4 0 1/2 0 0 0 0
 1 0 2/3 0 0 0 0 1/3 0 1/3 1/3 0 0 0 0 1/3 0 0 1/3 0 1/3 0 0 1/3 0 1/3 0 1/3 1/3 0 0 0 0
 1 0 2/3 0 0 0 0 1/3 0 1/3 1/3 0 0 0 0 1/3 0 1/3 1/3 0 1/3 0 0 0 0 1/3 0 0 1/3 1/3 0 0 0
 1 0 2/3 0 0 0 0 1/3 0 0 2/3 0 0 0 0 1/3 0 0 1/3 1/3 1/3 0 0 0 0 1/3 0 0 1/3 0 0 0 1/3
 1 0 2/3 0 0 0 0 1/3 0 0 2/3 0 0 0 0 1/3 0 0 1/3 0 1/3 1/3 0 0 0 1/3 1/3 0 1/3 0 0 0 0
 1 0 3/4 0 0 0 0 1/4 0 1/2 1/4 0 0 0 0 0 1/4 0 1/2 0 1/4 0 0 1/4 0 1/2 0 0 1/4 0 0 0 1/4
 1 0 3/4 0 0 0 0 1/4 0 1/2 1/4 0 0 0 0 0 1/4 0 1/2 0 1/4 0 0 1/4 0 1/4 0 0 1/2 1/4 0 0 0
 1 0 3/4 0 0 0 0 1/4 0 1/2 1/4 0 0 0 0 0 1/4 0 1/4 0 1/2 1/4 0 0 0 1/2 0 0 1/4 0 0 0 1/4
 1 0 3/4 0 0 0 0 1/4 0 1/2 1/4 0 0 0 0 0 1/4 0 1/4 0 1/2 1/4 0 0 0 1/4 0 0 1/2 1/4 0 0 0
 1 0 3/4 0 0 0 0 1/4 0 3/4 0 0 0 0 0 0 1/4 1/4 1/4 0 1/2 0 0 0 0 1/2 0 1/4 1/4 0 0 0 0
 1 0 2/3 0 0 0 0 1/3 0 2/3 0 0 0 0 0 0 1/3 0 1/3 0 1/3 0 0 1/3 0 1/3 0 1/3 1/3 0 0 0 0
 1 0 2/3 0 0 0 0 1/3 0 2/3 0 0 0 0 0 0 1/3 1/3 1/3 0 1/3 0 0 0 0 1/3 0 0 1/3 1/3 0 0 0
 1 0 2/3 0 0 0 0 1/3 0 1/3 1/3 0 0 0 0 0 1/3 0 1/3 1/3 1/3 0 0 0 0 1/3 0 0 1/3 0 0 0 1/3
 1 0 2/3 0 0 0 0 1/3 0 1/3 1/3 0 0 0 0 0 1/3 0 1/3 0 1/3 1/3 0 0 0 1/3 1/3 0 1/3 0 0 0 0
 1 0 1/3 0 1/3 1/3 0 0 0 0 2/3 0 0 0 0 1/3 0 0 1/3 0 1/3 1/3 0 0 0 1/3 1/3 0 1/3 0 0 0 0
 1 0 1/3 0 1/3 1/3 0 0 0 2/3 0 0 0 0 0 0 1/3 0 1/3 0 1/3 0 0 1/3 0 1/3 0 1/3 1/3 0 0 0 0
 1 0 1/3 0 1/3 0 0 1/3 0 0 1/3 1/3 1/3 0 0 0 0 0 1/3 0 1/3 1/3 0 0 0 0 2/3 0 0 0 0 1/3 0
 1 0 1/3 0 1/3 0 0 1/3 0 1/3 0 1/3 1/3 0 0 0 0 0 1/3 0 1/3 0 0 1/3 0 0 0 2/3 0 0 1/3 0 0
 1 0 1/2 1/4 1/4 0 0 0 0 1/4 1/4 0 1/2 0 0 0 0 0 0 0 3/4 1/4 0 0 0 0 0 0 3/4 1/4 0 0 0
 1 0 1/4 1/2 1/4 0 0 0 0 0 0 0 3/4 1/4 0 0 0 1/4 0 1/4 1/2 0 0 0 0 0 0 0 3/4 1/4 0 0 0
 1 0 1/4 1/4 1/2 0 0 0 0 0 0 0 3/4 1/4 0 0 0 0 0 0 3/4 1/4 0 0 0 0 1/4 1/4 1/2 0 0 0 0
 1 0 1/3 1/3 1/3 0 0 0 0 1/3 0 0 2/3 0 0 0 0 1/3 0 0 2/3 0 0 0 0 0 0 0 2/3 1/3 0 0 0
 1 0 1/3 1/3 1/3 0 0 0 0 0 1/3 0 2/3 0 0 0 0 0 0 0 2/3 1/3 0 0 0 0 1/3 0 2/3 0 0 0 0
 1 0 1/3 1/3 1/3 0 0 0 0 0 0 0 2/3 1/3 0 0 0 0 0 1/3 2/3 0 0 0 0 0 0 1/3 2/3 0 0 0 0
 1 0 1/2 1/4 1/4 0 0 0 0 1/4 1/4 1/2 0 0 0 0 0 0 3/4 0 0 0 0 1/4 0 3/4 0 0 0 0 0 0 1/4
 1 0 1/4 1/2 1/4 0 0 0 0 0 0 3/4 0 0 1/4 0 0 1/4 1/2 1/4 0 0 0 0 0 3/4 0 0 0 0 0 0 1/4
 1 0 1/4 1/4 1/2 0 0 0 0 0 0 3/4 0 0 1/4 0 0 0 3/4 0 0 0 0 1/4 0 1/2 1/4 1/4 0 0 0 0 0
 1 0 1/3 1/3 1/3 0 0 0 0 1/3 0 2/3 0 0 0 0 0 0 2/3 0 0 0 0 1/3 0 2/3 0 1/3 0 0 0 0 0
 1 0 1/3 1/3 1/3 0 0 0 0 0 1/3 2/3 0 0 0 0 0 0 2/3 1/3 0 0 0 0 0 2/3 0 0 0 0 0 0 1/3
 1 0 1/3 1/3 1/3 0 0 0 0 0 0 2/3 0 0 1/3 0 0 1/3 2/3 0 0 0 0 0 0 2/3 1/3 0 0 0 0 0 0
 1 0 1/3 1/3 1/3 0 0 0 0 0 0 0 2/3 1/3 0 0 0 1/3 0 0 1/3 0 0 0 1/3 0 1/3 0 1/3 0 0 1/3 0
 1 0 1/3 1/3 1/3 0 0 0 0 0 0 2/3 0 0 1/3 0 0 0 1/3 1/3 0 0 1/3 0 0 1/3 0 1/3 0 0 1/3 0 0
 1 0 1/3 1/3 1/3 0 0 0 0 0 0 0 2/3 1/3 0 0 0 0 0 1/3 1/3 0 1/3 0 0 0 0 1/3 1/3 0 1/3 0 0
 1 0 1/3 1/3 1/3 0 0 0 0 0 0 2/3 0 0 1/3 0 0 1/3 1/3 0 0 0 0 0 1/3 1/3 1/3 0 0 0 0 1/3 0
 1 0 1/3 1/3 1/3 0 0 0 0 1/3 0 0 1/3 0 0 0 1/3 1/3 0 0 1/3 0 0 0 1/3 0 0 0 2/3 1/3 0 0 0
 1 0 1/3 1/3 1/3 0 0 0 0 1/3 0 1/3 0 0 0 0 1/3 0 2/3 0 0 0 0 1/3 0 1/3 0 1/3 0 0 1/3 0 0
 1 0 1/3 1/3 1/3 0 0 0 0 1/3 0 1/3 0 0 0 0 1/3 1/3 1/3 0 0 0 0 0 1/3 2/3 0 0 0 0 0 0 1/3
 1 0 1/3 1/3 1/3 0 0 0 0 1/3 0 0 1/3 0 0 0 1/3 0 0 0 2/3 1/3 0 0 0 0 0 1/3 1/3 0 1/3 0 0
 1 0 1/3 1/3 1/3 0 0 0 0 0 1/3 0 1/3 0 0 1/3 0 0 0 0 2/3 1/3 0 0 0 0 1/3 0 1/3 0 0 1/3 0
 1 0 1/3 1/3 1/3 0 0 0 0 0 1/3 1/3 0 0 0 1/3 0 0 1/3 1/3 0 0 1/3 0 0 2/3 0 0 0 0 0 0 1/3
 1 0 1/3 1/3 1/3 0 0 0 0 0 1/3 1/3 0 0 0 1/3 0 0 2/3 0 0 0 0 1/3 0 1/3 1/3 0 0 0 0 1/3 0
 1 0 1/3 1/3 1/3 0 0 0 0 0 1/3 0 1/3 0 0 1/3 0 0 0 1/3 1/3 0 1/3 0 0 0 0 0 2/3 1/3 0 0 0
 1 0 1/3 1/3 0 0 1/3 0 0 2/3 0 0 0 0 0 0 1/3 1/3 1/3 0 1/3 0 0 0 0 1/3 0 0 1/3 1/3 0 0 0
 1 0 1/3 1/3 0 0 1/3 0 0 0 2/3 0 0 0 0 1/3 0 0 1/3 1/3 1/3 0 0 0 0 1/3 0 0 1/3 0 0 0 1/3
 1 0 1/3 1/3 0 0 0 1/3 0 0 1/3 1/3 1/3 0 0 0 0 0 0 2/3 0 0 1/3 0 0 1/3 0 0 1/3 0 0 0 1/3
 1 0 1/3 1/3 0 0 0 1/3 0 1/3 0 1/3 1/3 0 0 0 0 2/3 0 0 0 0 0 0 1/3 1/3 0 0 1/3 1/3 0 0 0
 1 0 1/3 1/3 0 0 1/3 0 0 1/3 1/3 0 1/3 0 0 0 0 0 0 0 2/3 1/3 0 0 0 1/3 0 0 1/3 0 0 0 1/3
 1 0 1/3 1/3 0 0 1/3 0 0 1/3 1/3 0 1/3 0 0 0 0 0 0 0 2/3 1/3 0 0 0 0 0 0 2/3 1/3 0 0 0
 1 0 1/3 1/3 0 0 1/3 0 0 0 1/3 0 1/3 1/3 0 0 0 0 1/3 1/3 1/3 0 0 0 0 0 0 0 2/3 1/3 0 0 0
 1 0 1/3 1/3 0 0 1/3 0 0 1/3 1/3 0 1/3 0 0 0 0 0 0 1/3 1/3 0 1/3 0 0 0 0 0 2/3 1/3 0 0 0
 1 0 1/4 1/2 0 0 1/4 0 0 0 1/4 0 1/2 1/4 0 0 0 0 0 1/4 1/2 1/4 0 0 0 0 0 0 3/4 1/4 0 0 0
 1 0 1/4 1/2 0 0 1/4 0 0 0 1/4 0 1/2 1/4 0 0 0 0 0 1/2 1/4 0 1/4 0 0 0 0 0 3/4 1/4 0 0 0
 1 0 1/4 1/2 0 0 1/4 0 0 0 1/2 0 1/4 0 0 1/4 0 0 0 1/2 1/4 0 1/4 0 0 0 0 0 3/4 1/4 0 0 0
 1 0 1/4 1/2 0 0 1/4 0 0 0 1/2 0 1/4 0 0 1/4 0 0 0 1/4 1/2 1/4 0 0 0 0 0 0 3/4 1/4 0 0 0
 1 0 0 1/2 1/4 0 1/4 0 0 0 0 0 3/4 1/4 0 0 0 1/4 0 0 1/2 1/4 0 0 0 0 1/4 0 1/2 1/4 0 0 0
 1 0 0 2/3 0 0 1/3 0 0 0 1/3 0 1/3 0 0 1/3 0 1/3 0 1/3 1/3 0 0 0 0 0 1/3 0 1/3 0 0 1/3 0
 1 0 0 2/3 0 0 1/3 0 0 0 0 0 2/3 1/3 0 0 0 1/3 0 1/3 1/3 0 0 0 0 0 0 0 2/3 1/3 0 0 0
 1 0 0 2/3 0 0 1/3 0 0 0 0 0 2/3 1/3 0 0 0 1/3 0 1/3 1/3 0 0 0 0 1/3 0 0 1/3 0 0 0 1/3
 1 0 0 2/3 0 0 1/3 0 0 0 0 1/3 1/3 0 1/3 0 0 1/3 0 1/3 1/3 0 0 0 0 0 0 0 2/3 1/3 0 0 0
 1 0 0 2/3 0 0 1/3 0 0 0 0 1/3 1/3 0 1/3 0 0 1/3 0 1/3 1/3 0 0 0 0 1/3 0 0 1/3 0 0 0 1/3
 1 0 0 2/3 0 0 1/3 0 0 0 0 0 2/3 1/3 0 0 0 1/3 0 1/3 1/3 0 0 0 0 0 1/3 0 1/3 0 0 1/3 0
 1 0 0 2/3 0 0 1/3 0 0 0 0 0 2/3 1/3 0 0 0 1/3 0 0 1/3 1/3 0 0 0 1/3 1/3 0 1/3 0 0 0 0
 1 0 0 2/3 0 0 1/3 0 0 0 1/3 1/3 1/3 0 0 0 0 0 0 1/3 1/3 1/3 0 0 0 0 0 0 2/3 1/3 0 0 0
 1 0 0 2/3 0 0 1/3 0 0 1/3 0 0 1/3 0 0 0 1/3 1/3 0 0 1/3 1/3 0 0 0 1/3 1/3 0 1/3 0 0 0 0
 1 0 0 2/3 0 0 1/3 0 0 0 1/3 1/3 1/3 0 0 0 0 0 0 1/3 1/3 1/3 0 0 0 0 0 1/3 1/3 0 1/3 0 0
 1 0 0 2/3 0 0 1/3 0 0 0 1/3 0 1/3 0 0 1/3 0 1/3 0 1/3 1/3 0 0 0 0 0 0 0 2/3 1/3 0 0 0
 1 0 0 2/3 0 0 1/3 0 0 0 1/3 0 2/3 0 0 0 0 1/3 0 1/3 1/3 0 0 0 0 0 1/3 0 2/3 0 0 0 0
 1 0 0 2/3 0 0 1/3 0 0 0 1/3 1/3 1/3 0 0 0 0 0 0 2/3 1/3 0 0 0 0 0 0 1/3 2/3 0 0 0 0
 1 0 0 3/4 0 0 1/4 0 0 0 1/4 1/4 1/2 0 0 0 0 1/4 0 1/2 1/4 0 0 0 0 0 0 0 3/4 1/4 0 0 0
 1 0 0 3/4 0 0 1/4 0 0 0 0 0 3/4 1/4 0 0 0 1/2 0 1/4 1/4 0 0 0 0 1/4 1/4 0 1/2 0 0 0 0
 1 0 0 2/3 0 0 1/3 0 0 1/3 0 0 2/3 0 0 0 0 2/3 0 0 1/3 0 0 0 0 1/3 1/3 0 1/3 0 0 0 0
 1 0 0 1/2 1/4 0 1/4 0 0 0 0 0 3/4 1/4 0 0 0 1/4 0 0 1/2 1/4 0 0 0 0 1/2 0 1/4 0 0 1/4 0
 1 0 0 1/2 1/4 0 1/4 0 0 0 0 0 3/4 1/4 0 0 0 1/2 0 0 1/4 0 0 0 1/4 0 1/4 0 1/2 1/4 0 0 0
 1 0 0 1/2 1/4 0 1/4 0 0 0 0 0 3/4 1/4 0 0 0 1/2 0 0 1/4 0 0 0 1/4 0 1/2 0 1/4 0 0 1/4 0
 1 0 0 1/3 1/3 0 1/3 0 0 0 0 0 2/3 1/3 0 0 0 0 0 0 2/3 1/3 0 0 0 0 1/3 1/3 1/3 0 0 0 0
 1 0 0 1/3 1/3 0 1/3 0 0 0 0 1/3 1/3 0 1/3 0 0 0 0 0 2/3 1/3 0 0 0 0 1/3 1/3 1/3 0 0 0 0
 1 0 0 1/3 1/3 0 1/3 0 0 0 0 0 2/3 1/3 0 0 0 1/3 0 0 1/3 0 0 0 1/3 0 1/3 1/3 1/3 0 0 0 0
 1 0 0 1/3 1/3 0 1/3 0 0 0 0 0 2/3 1/3 0 0 0 1/3 1/3 0 1/3 0 0 0 0 0 1/3 0 1/3 1/3 0 0 0
 1 0 0 1/2 0 0 1/2 0 0 1/2 0 0 1/2 0 0 0 0 1/2 0 0 1/2 0 0 0 0 0 0 0 1/2 1/2 0 0 0
 1 0 0 1/2 0 0 1/2 0 0 0 1/2 0 1/2 0 0 0 0 0 0 1/2 1/2 0 0 0 0 0 0 0 1/2 0 0 0 1/2
 1 0 0 1/2 0 0 1/2 0 0 0 1/2 0 1/2 0 0 0 0 0 0 0 1/2 1/2 0 0 0 0 1/2 0 1/2 0 0 0 0
 1 0 0 1/2 0 0 1/2 0 0 0 0 0 1/2 0 1/2 0 0 1/2 0 0 1/2 0 0 0 0 0 1/2 0 1/2 0 0 0 0
 1 0 0 1/2 0 0 1/2 0 0 0 0 0 1/2 1/2 0 0 0 0 0 1/2 1/2 0 0 0 0 0 0 1/2 1/2 0 0 0 0
 1 0 1/3 1/3 0 0 1/3 0 0 1/3 1/3 1/3 0 0 0 0 0 0 2/3 0 0 0 0 1/3 0 2/3 0 0 0 0 0 0 1/3
 1 0 1/3 1/3 0 0 1/3 0 0 1/3 1/3 1/3 0 0 0 0 0 0 2/3 0 0 0 0 1/3 0 1/3 0 0 1/3 1/3 0 0 0
 1 0 1/3 1/3 0 0 1/3 0 0 1/3 0 1/3 0 0 1/3 0 0 1/3 1/3 0 1/3 0 0 0 0 2/3 0 0 0 0 0 0 1/3
 1 0 1/3 1/3 0 0 1/3 0 0 1/3 1/3 1/3 0 0 0 0 0 1/3 1/3 0 0 0 0 0 1/3 2/3 0 0 0 0 0 0 1/3
 1 0 1/4 1/2 0 0 1/4 0 0 1/4 0 1/2 0 0 1/4 0 0 1/4 1/2 0 0 0 0 1/4 0 3/4 0 0 0 0 0 0 1/4
 1 0 1/4 1/2 0 0 1/4 0 0 1/2 0 1/4 0 0 0 0 1/4 1/4 1/2 0 0 0 0 1/4 0 3/4 0 0 0 0 0 0 1/4
 1 0 1/4 1/2 0 0 1/4 0 0 1/4 0 1/2 0 0 1/4 0 0 1/2 1/4 0 0 0 0 0 1/4 3/4 0 0 0 0 0 0 1/4
 1 0 1/4 1/2 0 0 1/4 0 0 1/2 0 1/4 0 0 0 0 1/4 1/2 1/4 0 0 0 0 0 1/4 3/4 0 0 0 0 0 0 1/4
 1 0 0 1/2 1/4 0 1/4 0 0 0 0 3/4 0 0 1/4 0 0 0 1/2 1/4 0 0 0 1/4 0 1/2 0 1/4 0 0 0 0 1/4
 1 0 0 2/3 0 0 1/3 0 0 0 0 1/3 1/3 1/3 0 0 0 1/3 1/3 1/3 0 0 0 0 0 1/3 0 0 1/3 1/3 0 0 0
 1 0 0 2/3 0 0 1/3 0 0 0 0 1/3 1/3 1/3 0 0 0 1/3 1/3 1/3 0 0 0 0 0 2/3 0 0 0 0 0 0 1/3
 1 0 0 2/3 0 0 1/3 0 0 0 0 2/3 0 0 1/3 0 0 1/3 1/3 1/3 0 0 0 0 0 1/3 0 0 1/3 1/3 0 0 0
 1 0 0 2/3 0 0 1/3 0 0 0 0 2/3 0 0 1/3 0 0 1/3 1/3 1/3 0 0 0 0 0 2/3 0 0 0 0 0 0 1/3
 1 0 0 2/3 0 0 1/3 0 0 1/3 0 1/3 0 0 0 0 1/3 1/3 1/3 1/3 0 0 0 0 0 1/3 0 1/3 0 0 1/3 0 0
 1 0 0 2/3 0 0 1/3 0 0 1/3 0 1/3 1/3 0 0 0 0 1/3 1/3 0 0 0 0 1/3 0 2/3 0 0 0 0 0 0 1/3
 1 0 0 2/3 0 0 1/3 0 0 0 0 2/3 0 0 1/3 0 0 0 1/3 1/3 0 0 0 1/3 0 1/3 0 1/3 1/3 0 0 0 0
 1 0 0 2/3 0 0 1/3 0 0 0 0 2/3 0 0 1/3 0 0 1/3 1/3 1/3 0 0 0 0 0 1/3 0 1/3 0 0 1/3 0 0
 1 0 0 2/3 0 0 1/3 0 0 1/3 0 1/3 0 0 0 0 1/3 1/3 1/3 1/3 0 0 0 0 0 2/3 0 0 0 0 0 0 1/3
 1 0 0 2/3 0 0 1/3 0 0 0 1/3 1/3 0 0 0 1/3 0 0 1/3 1/3 0 0 0 1/3 0 1/3 0 1/3 1/3 0 0 0 0
 1 0 0 2/3 0 0 1/3 0 0 1/3 0 1/3 1/3 0 0 0 0 1/3 1/3 0 0 0 0 1/3 0 1/3 1/3 0 0 0 0 1/3 0
 1 0 0 2/3 0 0 1/3 0 0 0 1/3 2/3 0 0 0 0 0 0 1/3 2/3 0 0 0 0 0 1/3 0 1/3 1/3 0 0 0 0
 1 0 0 3/4 0 0 1/4 0 0 0 0 3/4 0 0 1/4 0 0 1/4 1/4 1/2 0 0 0 0 0 1/2 0 1/4 1/4 0 0 0 0
 1 0 0 2/3 0 0 1/3 0 0 1/3 0 1/3 1/3 0 0 0 0 2/3 1/3 0 0 0 0 0 0 2/3 1/3 0 0 0 0 0 0
 1 0 0 2/3 0 0 1/3 0 0 1/3 0 2/3 0 0 0 0 0 1/3 1/3 1/3 0 0 0 0 0 2/3 0 1/3 0 0 0 0 0
 1 0 0 3/4 0 0 1/4 0 0 1/4 0 1/2 1/4 0 0 0 0 1/2 1/4 1/4 0 0 0 0 0 3/4 0 0 0 0 0 0 1/4
 1 0 0 1/2 1/4 0 1/4 0 0 0 0 3/4 0 0 1/4 0 0 0 1/2 1/4 0 0 0 1/4 0 1/4 0 1/2 0 0 1/4 0 0
 1 0 0 1/2 1/4 0 1/4 0 0 0 0 3/4 0 0 1/4 0 0 0 1/4 1/2 0 0 1/4 0 0 1/2 0 1/4 0 0 0 0 1/4
 1 0 0 1/2 1/4 0 1/4 0 0 0 0 3/4 0 0 1/4 0 0 0 1/4 1/2 0 0 1/4 0 0 1/4 0 1/2 0 0 1/4 0 0
 1 0 0 1/3 1/3 0 1/3 0 0 0 0 1/3 1/3 1/3 0 0 0 0 2/3 0 0 0 0 1/3 0 1/3 1/3 1/3 0 0 0 0 0
 1 0 0 1/3 1/3 0 1/3 0 0 0 0 2/3 0 0 1/3 0 0 0 2/3 0 0 0 0 1/3 0 1/3 1/3 1/3 0 0 0 0 0
 1 0 0 1/3 1/3 0 1/3 0 0 0 0 2/3 0 0 1/3 0 0 0 1/3 1/3 1/3 0 0 0 0 1/3 0 1/3 0 0 0 0 1/3
 1 0 0 1/3 1/3 0 1/3 0 0 0 0 2/3 0 0 1/3 0 0 0 1/3 1/3 0 0 1/3 0 0 1/3 1/3 1/3 0 0 0 0 0
 1 0 0 1/2 0 0 1/2 0 0 1/2 0 1/2 0 0 0 0 0 0 1/2 0 0 0 0 1/2 0 1/2 0 1/2 0 0 0 0 0
 1 0 0 1/2 0 0 1/2 0 0 1/2 0 1/2 0 0 0 0 0 1/2 1/2 0 0 0 0 0 0 1/2 0 0 0 1/2 0 0 0
 1 0 0 1/2 0 0 1/2 0 0 0 1/2 1/2 0 0 0 0 0 0 1/2 1/2 0 0 0 0 0 1/2 0 0 0 0 0 0 1/2
 1 0 0 1/2 0 0 1/2 0 0 0 0 1/2 0 0 1/2 0 0 1/2 1/2 0 0 0 0 0 0 1/2 1/2 0 0 0 0 0 0
 1 0 0 1/2 0 0 1/2 0 0 0 0 1/2 0 1/2 0 0 0 0 1/2 1/2 0 0 0 0 0 1/2 0 1/2 0 0 0 0 0
 1 0 0 3/4 0 0 1/4 0 0 0 0 1/4 1/2 1/4 0 0 0 1/2 0 1/4 0 0 0 0 1/4 1/4 0 0 1/2 1/4 0 0 0
 1 0 0 3/4 0 0 1/4 0 0 0 0 1/4 1/2 1/4 0 0 0 1/2 0 1/4 0 0 0 0 1/4 1/2 0 0 1/4 0 0 0 1/4
 1 0 0 3/4 0 0 1/4 0 0 0 0 1/2 1/4 0 1/4 0 0 1/2 0 1/4 0 0 0 0 1/4 1/4 0 0 1/2 1/4 0 0 0
 1 0 0 3/4 0 0 1/4 0 0 0 0 1/2 1/4 0 1/4 0 0 1/2 0 1/4 0 0 0 0 1/4 1/2 0 0 1/4 0 0 0 1/4
 1 0 0 3/4 0 0 1/4 0 0 1/4 0 1/4 1/2 0 0 0 0 3/4 0 0 0 0 0 0 1/4 1/2 1/4 0 1/4 0 0 0 0
 1 0 0 2/3 0 0 1/3 0 0 1/3 0 1/3 1/3 0 0 0 0 2/3 0 0 0 0 0 0 1/3 1/3 0 0 1/3 1/3 0 0 0
 1 0 0 2/3 0 0 1/3 0 0 0 1/3 1/3 1/3 0 0 0 0 1/3 0 1/3 0 0 0 0 1/3 1/3 0 0 1/3 0 0 0 1/3
 1 0 0 2/3 0 0 1/3 0 0 0 0 1/3 1/3 0 1/3 0 0 2/3 0 0 0 0 0 0 1/3 1/3 1/3 0 1/3 0 0 0 0
 1 0 0 2/3 0 0 1/3 0 0 0 0 1/3 1/3 1/3 0 0 0 1/3 0 1/3 0 0 0 0 1/3 1/3 0 1/3 1/3 0 0 0 0
 1 0 0 3/4 0 0 1/4 0 0 0 0 1/4 1/2 1/4 0 0 0 1/4 0 1/2 0 0 1/4 0 0 1/4 0 0 1/2 1/4 0 0 0
 1 0 0 3/4 0 0 1/4 0 0 0 0 1/4 1/2 1/4 0 0 0 1/4 0 1/2 0 0 1/4 0 0 1/2 0 0 1/4 0 0 0 1/4
 1 0 0 3/4 0 0 1/4 0 0 0 0 1/2 1/4 0 1/4 0 0 1/4 0 1/2 0 0 1/4 0 0 1/4 0 0 1/2 1/4 0 0 0
 1 0 0 3/4 0 0 1/4 0 0 0 0 1/2 1/4 0 1/4 0 0 1/4 0 1/2 0 0 1/4 0 0 1/2 0 0 1/4 0 0 0 1/4
 1 0 0 3/4 0 0 1/4 0 0 0 1/4 1/2 1/4 0 0 0 0 0 0 3/4 0 0 1/4 0 0 1/4 0 1/4 1/2 0 0 0 0
 1 0 0 2/3 0 0 1/3 0 0 1/3 0 1/3 1/3 0 0 0 0 1/3 0 1/3 0 0 1/3 0 0 1/3 0 0 1/3 1/3 0 0 0
 1 0 0 2/3 0 0 1/3 0 0 0 1/3 1/3 1/3 0 0 0 0 0 0 2/3 0 0 1/3 0 0 1/3 0 0 1/3 0 0 0 1/3
 1 0 0 2/3 0 0 1/3 0 0 0 0 1/3 1/3 0 1/3 0 0 1/3 0 1/3 0 0 1/3 0 0 1/3 1/3 0 1/3 0 0 0 0
 1 0 0 2/3 0 0 1/3 0 0 0 0 1/3 1/3 1/3 0 0 0 0 0 2/3 0 0 1/3 0 0 1/3 0 1/3 1/3 0 0 0 0
 1 0 0 1/3 1/3 1/3 0 0 0 0 0 1/3 1/3 0 1/3 0 0 2/3 0 0 0 0 0 0 1/3 1/3 1/3 0 1/3 0 0 0 0
 1 0 0 1/3 1/3 1/3 0 0 0 0 0 1/3 1/3 1/3 0 0 0 0 0 2/3 0 0 1/3 0 0 1/3 0 1/3 1/3 0 0 0 0
 1 0 0 1/3 1/3 0 1/3 0 0 0 0 1/3 1/3 0 1/3 0 0 1/3 1/3 0 1/3 0 0 0 0 0 2/3 0 0 0 0 1/3 0
 1 0 0 1/3 1/3 0 1/3 0 0 0 0 1/3 1/3 1/3 0 0 0 0 1/3 1/3 1/3 0 0 0 0 0 0 2/3 0 0 1/3 0 0
 1 0 0 0 3/4 1/4 0 0 0 0 1/4 1/4 1/2 0 0 0 0 1/4 1/2 0 1/4 0 0 0 0 0 3/4 0 0 0 0 1/4 0
 1 0 0 0 3/4 1/4 0 0 0 0 0 1/4 1/2 1/4 0 0 0 0 1/4 0 1/2 1/4 0 0 0 0 1/2 1/4 0 0 0 1/4 0
 1 0 0 0 3/4 1/4 0 0 0 0 0 1/4 1/2 1/4 0 0 0 0 1/2 0 1/4 0 0 1/4 0 0 1/2 1/4 0 0 0 1/4 0
 1 0 0 0 3/4 1/4 0 0 0 0 0 1/2 1/4 0 1/4 0 0 0 1/4 0 1/2 1/4 0 0 0 0 1/2 1/4 0 0 0 1/4 0
 1 0 0 0 3/4 1/4 0 0 0 0 0 1/2 1/4 0 1/4 0 0 0 1/2 0 1/4 0 0 1/4 0 0 1/2 1/4 0 0 0 1/4 0
 1 0 0 0 2/3 1/3 0 0 0 1/3 0 1/3 1/3 0 0 0 0 0 1/3 0 1/3 0 0 1/3 0 0 1/3 1/3 0 0 0 1/3 0
 1 0 0 0 2/3 1/3 0 0 0 0 1/3 1/3 1/3 0 0 0 0 0 1/3 0 1/3 1/3 0 0 0 0 2/3 0 0 0 0 1/3 0
 1 0 0 0 2/3 1/3 0 0 0 0 0 1/3 1/3 0 1/3 0 0 1/3 1/3 0 1/3 0 0 0 0 0 2/3 0 0 0 0 1/3 0
 1 0 0 0 2/3 1/3 0 0 0 0 0 1/3 1/3 1/3 0 0 0 0 1/3 1/3 1/3 0 0 0 0 0 1/3 1/3 0 0 0 1/3 0
 1 0 0 0 3/4 1/4 0 0 0 1/4 0 1/2 1/4 0 0 0 0 0 1/4 1/4 1/2 0 0 0 0 0 0 3/4 0 0 1/4 0 0
 1 0 0 0 3/4 1/4 0 0 0 0 0 1/4 1/2 1/4 0 0 0 0 1/4 0 1/2 1/4 0 0 0 0 1/4 1/2 0 0 1/4 0 0
 1 0 0 0 3/4 1/4 0 0 0 0 0 1/4 1/2 1/4 0 0 0 0 1/2 0 1/4 0 0 1/4 0 0 1/4 1/2 0 0 1/4 0 0
 1 0 0 0 3/4 1/4 0 0 0 0 0 1/2 1/4 0 1/4 0 0 0 1/4 0 1/2 1/4 0 0 0 0 1/4 1/2 0 0 1/4 0 0
 1 0 0 0 3/4 1/4 0 0 0 0 0 1/2 1/4 0 1/4 0 0 0 1/2 0 1/4 0 0 1/4 0 0 1/4 1/2 0 0 1/4 0 0
 1 0 0 0 2/3 1/3 0 0 0 1/3 0 1/3 1/3 0 0 0 0 0 1/3 0 1/3 0 0 1/3 0 0 0 2/3 0 0 1/3 0 0
 1 0 0 0 2/3 1/3 0 0 0 0 1/3 1/3 1/3 0 0 0 0 0 1/3 0 1/3 1/3 0 0 0 0 1/3 1/3 0 0 1/3 0 0
 1 0 0 0 2/3 1/3 0 0 0 0 0 1/3 1/3 0 1/3 0 0 1/3 1/3 0 1/3 0 0 0 0 0 1/3 1/3 0 0 1/3 0 0
 1 0 0 0 2/3 1/3 0 0 0 0 0 1/3 1/3 1/3 0 0 0 0 1/3 1/3 1/3 0 0 0 0 0 0 2/3 0 0 1/3 0 0
 1 0 1/3 0 1/3 1/3 0 0 0 1/3 1/3 1/3 0 0 0 0 0 0 2/3 0 0 0 0 1/3 0 2/3 0 0 0 0 0 0 1/3
 1 0 1/3 0 1/3 1/3 0 0 0 1/3 1/3 1/3 0 0 0 0 0 0 1/3 0 1/3 1/3 0 0 0 2/3 0 0 0 0 0 0 1/3
 1 0 1/3 0 1/3 1/3 0 0 0 0 1/3 1/3 0 0 1/3 0 0 0 2/3 0 0 0 0 1/3 0 1/3 1/3 0 1/3 0 0 0 0
 1 0 1/3 0 1/3 1/3 0 0 0 1/3 1/3 1/3 0 0 0 0 0 0 2/3 0 0 0 0 1/3 0 1/3 1/3 0 0 0 0 1/3 0
 1 0 1/4 0 1/2 1/4 0 0 0 0 1/4 1/2 0 0 1/4 0 0 0 3/4 0 0 0 0 1/4 0 1/4 1/2 0 0 0 0 1/4 0
 1 0 1/4 0 1/2 1/4 0 0 0 0 1/2 1/4 0 0 0 1/4 0 0 3/4 0 0 0 0 1/4 0 1/4 1/2 0 0 0 0 1/4 0
 1 0 1/4 0 1/2 1/4 0 0 0 0 1/2 1/4 0 0 0 1/4 0 0 3/4 0 0 0 0 1/4 0 1/2 1/4 0 0 0 0 0 1/4
 1 0 1/4 0 1/2 1/4 0 0 0 0 1/4 1/2 0 0 1/4 0 0 0 3/4 0 0 0 0 1/4 0 1/2 1/4 0 0 0 0 0 1/4
 1 0 0 1/4 1/2 1/4 0 0 0 0 0 3/4 0 0 1/4 0 0 0 1/2 1/4 0 0 0 1/4 0 1/2 0 1/4 0 0 0 0 1/4
 1 0 0 1/3 1/3 1/3 0 0 0 0 0 1/3 1/3 1/3 0 0 0 1/3 1/3 1/3 0 0 0 0 0 2/3 0 0 0 0 0 0 1/3
 1 0 0 1/3 1/3 1/3 0 0 0 0 0 2/3 0 0 1/3 0 0 1/3 1/3 1/3 0 0 0 0 0 2/3 0 0 0 0 0 0 1/3
 1 0 0 1/3 1/3 1/3 0 0 0 0 0 2/3 0 0 1/3 0 0 0 1/3 1/3 0 0 0 1/3 0 1/3 0 1/3 1/3 0 0 0 0
 1 0 0 1/3 1/3 1/3 0 0 0 0 0 2/3 0 0 1/3 0 0 1/3 1/3 1/3 0 0 0 0 0 1/3 0 1/3 0 0 1/3 0 0
 1 0 0 1/4 1/2 1/4 0 0 0 0 0 3/4 0 0 1/4 0 0 0 1/2 1/4 0 0 0 1/4 0 1/4 0 1/2 0 0 1/4 0 0
 1 0 0 1/4 1/2 1/4 0 0 0 0 0 3/4 0 0 1/4 0 0 0 1/4 1/2 0 0 1/4 0 0 1/2 0 1/4 0 0 0 0 1/4
 1 0 0 1/4 1/2 1/4 0 0 0 0 0 3/4 0 0 1/4 0 0 0 1/4 1/2 0 0 1/4 0 0 1/4 0 1/2 0 0 1/4 0 0
 1 0 0 0 2/3 1/3 0 0 0 1/3 0 2/3 0 0 0 0 0 0 1/3 1/3 1/3 0 0 0 0 1/3 0 2/3 0 0 0 0 0
 1 0 0 0 3/4 1/4 0 0 0 0 0 3/4 0 0 1/4 0 0 0 1/2 1/4 1/4 0 0 0 0 1/4 1/4 1/2 0 0 0 0 0
 1 0 0 0 3/4 1/4 0 0 0 0 1/4 1/2 1/4 0 0 0 0 0 3/4 0 0 0 0 1/4 0 1/4 1/2 1/4 0 0 0 0 0
 1 0 0 0 2/3 1/3 0 0 0 0 1/3 2/3 0 0 0 0 0 0 2/3 1/3 0 0 0 0 0 1/3 1/3 1/3 0 0 0 0 0
 1 0 0 0 2/3 1/3 0 0 0 0 1/3 1/3 1/3 0 0 0 0 1/3 2/3 0 0 0 0 0 0 1/3 2/3 0 0 0 0 0 0
 1 0 0 0 2/3 1/3 0 0 0 0 1/3 1/3 0 0 0 1/3 0 0 1/3 1/3 0 0 1/3 0 0 1/3 1/3 1/3 0 0 0 0 0
 1 0 0 0 2/3 1/3 0 0 0 0 0 1/3 1/3 1/3 0 0 0 0 1/3 0 1/3 1/3 0 0 0 1/3 1/3 1/3 0 0 0 0 0
 1 0 0 0 2/3 1/3 0 0 0 0 0 1/3 1/3 1/3 0 0 0 0 2/3 0 0 0 0 1/3 0 1/3 1/3 1/3 0 0 0 0 0
 1 0 0 0 2/3 1/3 0 0 0 0 0 2/3 0 0 1/3 0 0 0 1/3 0 1/3 1/3 0 0 0 1/3 1/3 1/3 0 0 0 0 0
 1 0 0 0 2/3 1/3 0 0 0 0 0 2/3 0 0 1/3 0 0 0 2/3 0 0 0 0 1/3 0 1/3 1/3 1/3 0 0 0 0 0
 1 0 0 0 2/3 1/3 0 0 0 0 1/3 1/3 1/3 0 0 0 0 0 2/3 0 0 0 0 1/3 0 1/3 1/3 0 0 0 0 0 1/3
 1 0 0 0 2/3 1/3 0 0 0 0 0 2/3 0 0 1/3 0 0 0 1/3 1/3 1/3 0 0 0 0 1/3 0 1/3 0 0 0 0 1/3
 1 0 0 0 2/3 1/3 0 0 0 0 0 2/3 0 0 1/3 0 0 0 1/3 1/3 0 0 1/3 0 0 1/3 1/3 1/3 0 0 0 0 0
 1 0 0 0 2/3 1/3 0 0 0 1/3 0 1/3 0 0 0 0 1/3 0 1/3 1/3 1/3 0 0 0 0 1/3 0 1/3 0 0 0 0 1/3
 1 0 0 0 2/3 1/3 0 0 0 0 1/3 1/3 1/3 0 0 0 0 1/3 1/3 0 0 0 0 0 1/3 1/3 1/3 0 0 0 0 0 1/3
 1 0 0 0 2/3 1/3 0 0 0 0 1/3 1/3 0 0 0 1/3 0 0 2/3 0 0 0 0 1/3 0 1/3 1/3 1/3 0 0 0 0 0
 1 0 0 0 1/2 1/2 0 0 0 1/2 0 1/2 0 0 0 0 0 0 1/2 0 0 0 0 1/2 0 1/2 0 1/2 0 0 0 0 0
 1 0 0 0 1/2 1/2 0 0 0 0 1/2 1/2 0 0 0 0 0 0 1/2 1/2 0 0 0 0 0 1/2 0 0 0 0 0 0 1/2
 1 0 0 0 1/2 1/2 0 0 0 0 1/2 1/2 0 0 0 0 0 0 1/2 0 0 1/2 0 0 0 1/2 1/2 0 0 0 0 0 0
 1 0 0 0 1/2 1/2 0 0 0 0 0 1/2 0 0 1/2 0 0 1/2 1/2 0 0 0 0 0 0 1/2 1/2 0 0 0 0 0 0
 1 0 0 0 1/2 1/2 0 0 0 0 0 1/2 0 1/2 0 0 0 0 1/2 1/2 0 0 0 0 0 1/2 0 1/2 0 0 0 0 0
 1 0 1/3 0 1/3 1/3 0 0 0 1/3 1/3 0 1/3 0 0 0 0 0 1/3 0 1/3 0 0 1/3 0 0 0 0 2/3 1/3 0 0 0
 1 0 1/3 0 1/3 1/3 0 0 0 1/3 1/3 0 1/3 0 0 0 0 0 0 0 2/3 1/3 0 0 0 0 0 0 2/3 1/3 0 0 0
 1 0 1/3 0 1/3 1/3 0 0 0 1/3 0 0 1/3 1/3 0 0 0 0 0 0 2/3 1/3 0 0 0 1/3 0 1/3 1/3 0 0 0 0
 1 0 1/3 0 1/3 1/3 0 0 0 1/3 1/3 0 1/3 0 0 0 0 0 0 0 2/3 1/3 0 0 0 0 0 1/3 1/3 0 1/3 0 0
 1 0 1/4 0 1/2 1/4 0 0 0 1/2 0 0 1/4 0 0 0 1/4 0 0 0 3/4 1/4 0 0 0 0 0 1/4 1/2 1/4 0 0 0
 1 0 1/4 0 1/2 1/4 0 0 0 1/4 0 0 1/2 1/4 0 0 0 0 0 0 3/4 1/4 0 0 0 0 0 1/2 1/4 0 1/4 0 0
 1 0 1/4 0 1/2 1/4 0 0 0 1/2 0 0 1/4 0 0 0 1/4 0 0 0 3/4 1/4 0 0 0 0 0 1/2 1/4 0 1/4 0 0
 1 0 1/4 0 1/2 1/4 0 0 0 1/4 0 0 1/2 1/4 0 0 0 0 0 0 3/4 1/4 0 0 0 0 0 1/4 1/2 1/4 0 0 0
 1 0 0 1/4 1/2 1/4 0 0 0 0 0 0 3/4 1/4 0 0 0 1/4 0 0 1/2 1/4 0 0 0 0 1/4 0 1/2 1/4 0 0 0
 1 0 0 1/3 1/3 1/3 0 0 0 0 0 0 2/3 1/3 0 0 0 1/3 0 1/3 1/3 0 0 0 0 0 0 0 2/3 1/3 0 0 0
 1 0 0 1/3 1/3 1/3 0 0 0 0 0 1/3 1/3 0 1/3 0 0 1/3 0 1/3 1/3 0 0 0 0 0 0 0 2/3 1/3 0 0 0
 1 0 0 1/3 1/3 1/3 0 0 0 0 0 0 2/3 1/3 0 0 0 1/3 0 1/3 1/3 0 0 0 0 0 1/3 0 1/3 0 0 1/3 0
 1 0 0 1/3 1/3 1/3 0 0 0 0 0 0 2/3 1/3 0 0 0 1/3 0 0 1/3 1/3 0 0 0 1/3 1/3 0 1/3 0 0 0 0
 1 0 0 1/4 1/2 1/4 0 0 0 0 0 0 3/4 1/4 0 0 0 1/4 0 0 1/2 1/4 0 0 0 0 1/2 0 1/4 0 0 1/4 0
 1 0 0 1/4 1/2 1/4 0 0 0 0 0 0 3/4 1/4 0 0 0 1/2 0 0 1/4 0 0 0 1/4 0 1/4 0 1/2 1/4 0 0 0
 1 0 0 1/4 1/2 1/4 0 0 0 0 0 0 3/4 1/4 0 0 0 1/2 0 0 1/4 0 0 0 1/4 0 1/2 0 1/4 0 0 1/4 0
 1 0 0 0 3/4 1/4 0 0 0 1/4 0 1/4 1/2 0 0 0 0 0 0 0 3/4 1/4 0 0 0 0 1/4 1/2 1/4 0 0 0 0
 1 0 0 0 2/3 1/3 0 0 0 1/3 0 1/3 1/3 0 0 0 0 0 0 1/3 2/3 0 0 0 0 0 0 2/3 1/3 0 0 0 0
 1 0 0 0 2/3 1/3 0 0 0 1/3 0 0 2/3 0 0 0 0 1/3 0 0 2/3 0 0 0 0 0 1/3 1/3 1/3 0 0 0 0
 1 0 0 0 3/4 1/4 0 0 0 0 0 0 3/4 1/4 0 0 0 1/4 1/4 0 1/2 0 0 0 0 0 1/2 1/4 1/4 0 0 0 0
 1 0 0 0 2/3 1/3 0 0 0 0 1/3 0 2/3 0 0 0 0 1/3 1/3 0 1/3 0 0 0 0 0 2/3 0 1/3 0 0 0 0
 1 0 0 0 2/3 1/3 0 0 0 0 0 0 2/3 1/3 0 0 0 0 0 0 2/3 1/3 0 0 0 0 1/3 1/3 1/3 0 0 0 0
 1 0 0 0 2/3 1/3 0 0 0 0 0 0 2/3 1/3 0 0 0 0 1/3 0 1/3 0 0 1/3 0 0 1/3 1/3 1/3 0 0 0 0
 1 0 0 0 2/3 1/3 0 0 0 0 0 1/3 1/3 0 1/3 0 0 0 0 0 2/3 1/3 0 0 0 0 1/3 1/3 1/3 0 0 0 0
 1 0 0 0 2/3 1/3 0 0 0 0 0 1/3 1/3 0 1/3 0 0 0 1/3 0 1/3 0 0 1/3 0 0 1/3 1/3 1/3 0 0 0 0
 1 0 0 0 2/3 1/3 0 0 0 1/3 0 0 1/3 0 0 0 1/3 1/3 0 0 1/3 0 0 0 1/3 0 1/3 1/3 1/3 0 0 0 0
 1 0 0 0 2/3 1/3 0 0 0 0 0 0 2/3 1/3 0 0 0 1/3 0 0 1/3 0 0 0 1/3 0 1/3 1/3 1/3 0 0 0 0
 1 0 0 0 2/3 1/3 0 0 0 0 0 0 2/3 1/3 0 0 0 1/3 1/3 0 1/3 0 0 0 0 0 1/3 0 1/3 1/3 0 0 0
 1 0 0 0 2/3 1/3 0 0 0 1/3 0 1/3 1/3 0 0 0 0 0 0 0 2/3 1/3 0 0 0 0 0 1/3 1/3 1/3 0 0 0
 1 0 0 0 2/3 1/3 0 0 0 1/3 0 0 1/3 0 0 0 1/3 0 0 0 2/3 1/3 0 0 0 0 1/3 1/3 1/3 0 0 0 0
 1 0 0 0 2/3 1/3 0 0 0 0 1/3 0 1/3 0 0 1/3 0 1/3 1/3 0 1/3 0 0 0 0 0 1/3 0 1/3 1/3 0 0 0
 1 0 0 0 2/3 1/3 0 0 0 1/3 0 1/3 1/3 0 0 0 0 0 0 1/3 1/3 0 1/3 0 0 0 0 1/3 1/3 1/3 0 0 0
 1 0 0 0 1/2 1/2 0 0 0 1/2 0 0 1/2 0 0 0 0 0 0 0 1/2 0 0 1/2 0 0 0 1/2 1/2 0 0 0 0
 1 0 0 0 1/2 1/2 0 0 0 1/2 0 0 1/2 0 0 0 0 1/2 0 0 1/2 0 0 0 0 0 0 0 1/2 1/2 0 0 0
 1 0 0 0 1/2 1/2 0 0 0 0 1/2 0 1/2 0 0 0 0 0 0 0 1/2 1/2 0 0 0 0 1/2 0 1/2 0 0 0 0
 1 0 0 0 1/2 1/2 0 0 0 0 0 0 1/2 0 1/2 0 0 1/2 0 0 1/2 0 0 0 0 0 1/2 0 1/2 0 0 0 0
 1 0 0 0 1/2 1/2 0 0 0 0 0 0 1/2 1/2 0 0 0 0 0 1/2 1/2 0 0 0 0 0 0 1/2 1/2 0 0 0 0
 1 0 1 0 0 0 0 0 0 0 0 0 0 1 0 0 0 0 1 0 0 0 0 0 0 1 0 0 0 0 0 0 0
 1 0 1 0 0 0 0 0 0 0 0 0 0 0 1 0 0 0 0 0 1 0 0 0 0 0 0 0 1 0 0 0 0
 1 0 1 0 0 0 0 0 0 0 1 0 0 0 0 0 0 0 1 0 0 0 0 0 0 0 0 0 0 0 1 0 0
 1 0 1 0 0 0 0 0 0 0 1 0 0 0 0 0 0 0 0 0 0 0 0 0 1 0 0 0 1 0 0 0 0
 1 0 1 0 0 0 0 0 0 1 0 0 0 0 0 0 0 0 0 0 0 0 1 0 0 1 0 0 0 0 0 0 0
 1 0 1 0 0 0 0 0 0 1 0 0 0 0 0 0 0 0 0 0 1 0 0 0 0 0 0 0 0 0 0 1 0
 1 0 1/2 0 0 0 0 0 1/2 0 1/2 0 0 0 0 1/2 0 0 1/2 0 1/2 0 0 0 0 1/2 0 0 1/2 0 0 0 0
 1 0 1/2 0 0 0 0 0 1/2 1/2 0 0 0 0 0 0 1/2 0 1/2 0 1/2 0 0 0 0 1/2 0 0 1/2 0 0 0 0
 1 0 1/2 0 0 0 1/2 0 0 1/2 1/2 0 0 0 0 0 0 0 1/2 0 1/2 0 0 0 0 1/2 0 0 0 0 0 0 1/2
 1 0 1/2 0 0 0 1/2 0 0 1/2 1/2 0 0 0 0 0 0 0 1/2 0 1/2 0 0 0 0 0 0 0 1/2 1/2 0 0 0
 1 0 1 0 0 0 0 0 0 1/2 1/2 0 0 0 0 0 0 0 1/2 0 1/2 0 0 0 0 1/2 0 0 1/2 0 0 0 0
 1 0 1/2 0 0 1/2 0 0 0 1/2 1/2 0 0 0 0 0 0 0 0 0 1/2 1/2 0 0 0 1/2 0 0 1/2 0 0 0 0
 1 0 1/2 0 0 1/2 0 0 0 1/2 1/2 0 0 0 0 0 0 0 1/2 0 0 0 0 1/2 0 1/2 0 0 1/2 0 0 0 0
 1 0 1/2 0 0 0 0 1/2 0 0 1/2 0 1/2 0 0 0 0 0 0 1/2 0 0 1/2 0 0 0 1/2 0 1/2 0 0 0 0
 1 0 1/2 0 0 0 0 1/2 0 0 1/2 1/2 0 0 0 0 0 0 1/2 1/2 0 0 0 0 0 0 0 0 1/2 1/2 0 0 0
 1 0 1/2 0 0 0 0 1/2 0 0 1/2 0 0 0 0 1/2 0 0 0 1/2 1/2 0 0 0 0 0 0 1/2 1/2 0 0 0 0
 1 0 2/3 0 0 0 0 1/3 0 0 2/3 0 0 0 0 1/3 0 0 1/3 1/3 1/3 0 0 0 0 0 0 0 2/3 1/3 0 0 0
 1 0 1/2 0 0 0 0 1/2 0 1/2 0 0 1/2 0 0 0 0 1/2 0 0 1/2 0 0 0 0 1/2 0 0 0 0 0 0 1/2
 1 0 1/2 0 0 0 0 1/2 0 1/2 0 1/2 0 0 0 0 0 1/2 0 0 0 0 0 0 1/2 1/2 0 1/2 0 0 0 0 0
 1 0 1/2 0 0 0 0 1/2 0 1/2 0 0 0 0 0 0 1/2 1/2 1/2 0 0 0 0 0 0 1/2 1/2 0 0 0 0 0 0
 1 0 2/3 0 0 0 0 1/3 0 2/3 0 0 0 0 0 0 1/3 1/3 1/3 0 1/3 0 0 0 0 2/3 0 0 0 0 0 0 1/3
 1 0 1/2 0 1/2 0 0 0 0 1/2 0 0 1/2 0 0 0 0 0 0 0 1/2 0 1/2 0 0 0 0 0 1/2 1/2 0 0 0
 1 0 1/2 0 1/2 0 0 0 0 0 1/2 0 0 0 0 1/2 0 0 1/2 0 0 0 1/2 0 0 1/2 1/2 0 0 0 0 0 0
 1 0 1/2 0 1/2 0 0 0 0 0 1/2 0 0 0 0 1/2 0 0 1/2 0 1/2 0 0 0 0 0 1/2 0 0 0 0 1/2 0
 1 0 1/2 0 1/2 0 0 0 0 0 1/2 1/2 0 0 0 0 0 0 1/2 0 0 0 0 0 1/2 1/2 0 0 0 0 0 0 1/2
 1 0 1/2 0 1/2 0 0 0 0 1/2 0 0 0 0 0 0 1/2 0 1/2 0 1/2 0 0 0 0 0 0 1/2 0 0 1/2 0 0
 1 0 1/2 0 1/2 0 0 0 0 1/2 0 0 0 0 0 0 1/2 0 0 0 1/2 0 0 0 1/2 0 0 1/2 1/2 0 0 0 0
 1 0 1/2 0 1/2 0 0 0 0 0 1/2 1/2 0 0 0 0 0 0 1/2 0 0 0 0 0 1/2 0 1/2 0 0 0 0 1/2 0
 1 0 1/2 0 1/2 0 0 0 0 0 0 1/2 0 0 1/2 0 0 0 1/2 0 0 0 1/2 0 0 1/2 1/2 0 0 0 0 0 0
 1 0 1/2 0 1/2 0 0 0 0 1/2 0 0 1/2 0 0 0 0 0 0 0 1/2 0 1/2 0 0 0 0 1/2 0 0 1/2 0 0
 1 0 1/2 0 1/2 0 0 0 0 0 0 1/2 0 0 1/2 0 0 0 1/2 0 1/2 0 0 0 0 1/2 0 0 0 0 0 0 1/2
 1 0 1/2 0 1/2 0 0 0 0 0 0 0 1/2 1/2 0 0 0 0 1/2 0 1/2 0 0 0 0 0 0 0 1/2 1/2 0 0 0
 1 0 1/2 0 1/2 0 0 0 0 0 0 0 1/2 1/2 0 0 0 0 0 0 1/2 0 0 0 1/2 0 0 1/2 1/2 0 0 0 0
 1 0 1/2 0 1/2 0 0 0 0 1/2 0 0 0 0 0 0 1/2 0 1/2 0 1/2 0 0 0 0 1/2 0 0 0 0 0 0 1/2
 1 0 1/2 0 1/2 0 0 0 0 1/2 0 0 0 0 0 0 1/2 0 1/2 0 1/2 0 0 0 0 0 0 0 1/2 1/2 0 0 0
 1 0 1/2 0 1/2 0 0 0 0 0 0 1/2 0 0 1/2 0 0 0 1/2 0 1/2 0 0 0 0 0 1/2 0 0 0 0 1/2 0
 1 0 1/2 0 1/2 0 0 0 0 0 0 1/2 0 0 1/2 0 0 0 1/2 0 1/2 0 0 0 0 0 0 1/2 0 0 1/2 0 0
 1 0 1/2 0 1/2 0 0 0 0 0 0 0 1/2 1/2 0 0 0 0 1/2 0 1/2 0 0 0 0 0 1/2 0 0 0 0 1/2 0
 1 0 1/2 0 1/2 0 0 0 0 0 0 0 1/2 1/2 0 0 0 0 1/2 0 1/2 0 0 0 0 0 0 1/2 0 0 1/2 0 0
 1 0 1/2 0 1/2 0 0 0 0 0 1/2 0 0 0 0 1/2 0 0 1/2 0 1/2 0 0 0 0 1/2 0 0 0 0 0 0 1/2
 1 0 1/2 0 1/2 0 0 0 0 0 1/2 0 0 0 0 1/2 0 0 1/2 0 1/2 0 0 0 0 0 0 0 1/2 1/2 0 0 0
 1 0 1/2 0 0 0 0 1/2 0 0 1/2 0 1/2 0 0 0 0 0 1/2 0 0 0 0 1/2 0 0 1/2 0 1/2 0 0 0 0
 1 0 1/2 0 0 0 0 1/2 0 0 1/2 1/2 0 0 0 0 0 0 1/2 1/2 0 0 0 0 0 0 1/2 0 0 0 0 1/2 0
 1 0 1/2 0 0 0 0 1/2 0 0 1/2 0 0 0 0 0 1/2 0 1/2 1/2 0 0 0 0 0 0 1/2 0 1/2 0 0 0 0
 1 0 1/2 0 0 0 0 1/2 0 0 1/2 0 0 0 0 1/2 0 1/2 1/2 0 0 0 0 0 0 1/2 1/2 0 0 0 0 0 0
 1 0 2/3 0 0 0 0 1/3 0 0 2/3 0 0 0 0 1/3 0 0 2/3 0 0 0 0 1/3 0 1/3 1/3 0 1/3 0 0 0 0
 1 0 2/3 0 0 0 0 1/3 0 1/3 1/3 0 0 0 0 0 1/3 0 2/3 0 0 0 0 1/3 0 1/3 1/3 0 1/3 0 0 0 0
 1 0 2/3 0 0 0 0 1/3 0 0 2/3 0 0 0 0 1/3 0 0 1/3 1/3 1/3 0 0 0 0 0 1/3 0 1/3 0 0 1/3 0
 1 0 2/3 0 0 0 0 1/3 0 0 2/3 0 0 0 0 1/3 0 0 1/3 1/3 0 0 1/3 0 0 1/3 1/3 0 1/3 0 0 0 0
 1 0 2/3 0 0 0 0 1/3 0 1/3 1/3 0 0 0 0 1/3 0 1/3 1/3 0 1/3 0 0 0 0 2/3 0 0 0 0 0 0 1/3
 1 0 2/3 0 0 0 0 1/3 0 1/3 1/3 0 0 0 0 0 1/3 0 1/3 1/3 1/3 0 0 0 0 0 0 0 2/3 1/3 0 0 0
 1 0 1/2 0 0 0 0 1/2 0 1/2 0 0 1/2 0 0 0 0 1/2 0 0 1/2 0 0 0 0 0 0 1/2 0 0 1/2 0 0
 1 0 1/2 0 0 0 0 1/2 0 1/2 0 1/2 0 0 0 0 0 0 0 0 1/2 1/2 0 0 0 1/2 0 1/2 0 0 0 0 0
 1 0 1/2 0 0 0 0 1/2 0 1/2 0 0 0 0 0 0 1/2 0 0 1/2 1/2 0 0 0 0 0 0 1/2 1/2 0 0 0 0
 1 0 1/2 0 0 0 0 1/2 0 1/2 0 0 0 0 0 1/2 0 1/2 0 0 1/2 0 0 0 0 1/2 0 1/2 0 0 0 0 0
 1 0 2/3 0 0 0 0 1/3 0 1/3 1/3 0 0 0 0 1/3 0 0 0 0 2/3 1/3 0 0 0 1/3 0 1/3 1/3 0 0 0 0
 1 0 2/3 0 0 0 0 1/3 0 2/3 0 0 0 0 0 0 1/3 0 0 0 2/3 1/3 0 0 0 1/3 0 1/3 1/3 0 0 0 0
 1 0 2/3 0 0 0 0 1/3 0 2/3 0 0 0 0 0 0 1/3 1/3 0 0 1/3 0 0 0 1/3 1/3 0 1/3 1/3 0 0 0 0
 1 0 2/3 0 0 0 0 1/3 0 2/3 0 0 0 0 0 0 1/3 1/3 1/3 0 1/3 0 0 0 0 1/3 0 1/3 0 0 1/3 0 0
 1 0 1/3 0 1/3 0 0 1/3 0 0 1/3 1/3 1/3 0 0 0 0 0 2/3 0 0 0 0 1/3 0 0 2/3 0 0 0 0 1/3 0
 1 0 1/3 0 1/3 0 0 1/3 0 1/3 0 1/3 1/3 0 0 0 0 0 0 0 2/3 1/3 0 0 0 0 0 2/3 0 0 1/3 0 0
 1 0 1/2 0 1/2 0 0 0 0 0 1/2 0 1/2 0 0 0 0 0 1/2 0 1/2 0 0 0 0 0 1/2 0 1/2 0 0 0 0
 1 0 1/2 0 1/2 0 0 0 0 0 1/2 1/2 0 0 0 0 0 0 1 0 0 0 0 0 0 1/2 1/2 0 0 0 0 0 0
 1 0 2/3 0 1/3 0 0 0 0 0 2/3 0 0 0 0 1/3 0 0 2/3 0 1/3 0 0 0 0 1/3 1/3 0 1/3 0 0 0 0
 1 0 1/3 0 2/3 0 0 0 0 0 1/3 1/3 1/3 0 0 0 0 0 2/3 0 1/3 0 0 0 0 0 2/3 0 0 0 0 1/3 0
 1 0 1/3 0 2/3 0 0 0 0 0 0 0 2/3 1/3 0 0 0 0 1/3 0 2/3 0 0 0 0 0 1/3 1/3 1/3 0 0 0 0
 1 0 1/3 0 2/3 0 0 0 0 0 0 2/3 0 0 1/3 0 0 0 2/3 0 1/3 0 0 0 0 1/3 1/3 1/3 0 0 0 0 0
 1 0 2/3 0 1/3 0 0 0 0 1/3 1/3 1/3 0 0 0 0 0 0 2/3 0 1/3 0 0 0 0 2/3 0 0 0 0 0 0 1/3
 1 0 2/3 0 1/3 0 0 0 0 1/3 1/3 0 1/3 0 0 0 0 0 1/3 0 2/3 0 0 0 0 0 0 0 2/3 1/3 0 0 0
 1 0 1/2 0 1/2 0 0 0 0 1/2 0 0 1/2 0 0 0 0 0 0 0 1 0 0 0 0 0 0 1/2 1/2 0 0 0 0
 1 0 1/2 0 1/2 0 0 0 0 1/2 0 1/2 0 0 0 0 0 0 1/2 0 1/2 0 0 0 0 1/2 0 1/2 0 0 0 0 0
 1 0 1/3 0 2/3 0 0 0 0 1/3 0 1/3 1/3 0 0 0 0 0 1/3 0 2/3 0 0 0 0 0 0 2/3 0 0 1/3 0 0
 1 0 2/3 0 1/3 0 0 0 0 2/3 0 0 0 0 0 0 1/3 0 1/3 0 2/3 0 0 0 0 1/3 0 1/3 1/3 0 0 0 0
 1 0 1/3 0 1/3 1/3 0 0 0 0 2/3 0 0 0 0 1/3 0 0 2/3 0 0 0 0 1/3 0 1/3 1/3 0 1/3 0 0 0 0
 1 0 1/3 0 1/3 1/3 0 0 0 2/3 0 0 0 0 0 0 1/3 0 0 0 2/3 1/3 0 0 0 1/3 0 1/3 1/3 0 0 0 0
 1 0 1/3 1/3 1/3 0 0 0 0 0 0 0 2/3 1/3 0 0 0 0 0 0 2/3 1/3 0 0 0 0 0 0 2/3 1/3 0 0 0
 1 0 1/3 1/3 1/3 0 0 0 0 0 0 2/3 0 0 1/3 0 0 0 2/3 0 0 0 0 1/3 0 2/3 0 0 0 0 0 0 1/3
 1 0 1/3 1/3 1/3 0 0 0 0 0 1/3 0 1/3 0 0 1/3 0 0 0 0 2/3 1/3 0 0 0 0 0 0 2/3 1/3 0 0 0
 1 0 1/3 1/3 1/3 0 0 0 0 0 1/3 1/3 0 0 0 1/3 0 0 2/3 0 0 0 0 1/3 0 2/3 0 0 0 0 0 0 1/3
 1 0 1/3 1/3 1/3 0 0 0 0 0 0 0 2/3 1/3 0 0 0 1/3 0 0 1/3 0 0 0 1/3 0 0 0 2/3 1/3 0 0 0
 1 0 1/3 1/3 1/3 0 0 0 0 0 0 0 2/3 1/3 0 0 0 0 0 1/3 1/3 0 1/3 0 0 0 0 0 2/3 1/3 0 0 0
 1 0 1/3 1/3 1/3 0 0 0 0 0 0 0 2/3 1/3 0 0 0 0 0 0 2/3 1/3 0 0 0 0 1/3 0 1/3 0 0 1/3 0
 1 0 1/3 1/3 1/3 0 0 0 0 0 0 0 2/3 1/3 0 0 0 0 0 0 2/3 1/3 0 0 0 0 0 1/3 1/3 0 1/3 0 0
 1 0 1/3 1/3 1/3 0 0 0 0 0 0 2/3 0 0 1/3 0 0 0 1/3 1/3 0 0 1/3 0 0 2/3 0 0 0 0 0 0 1/3
 1 0 1/3 1/3 1/3 0 0 0 0 0 0 2/3 0 0 1/3 0 0 0 2/3 0 0 0 0 1/3 0 1/3 0 1/3 0 0 1/3 0 0
 1 0 1/3 1/3 1/3 0 0 0 0 0 0 2/3 0 0 1/3 0 0 0 2/3 0 0 0 0 1/3 0 1/3 1/3 0 0 0 0 1/3 0
 1 0 1/3 1/3 1/3 0 0 0 0 0 0 2/3 0 0 1/3 0 0 1/3 1/3 0 0 0 0 0 1/3 2/3 0 0 0 0 0 0 1/3
 1 0 1/3 1/3 1/3 0 0 0 0 1/3 0 0 1/3 0 0 0 1/3 0 0 0 2/3 1/3 0 0 0 0 0 0 2/3 1/3 0 0 0
 1 0 1/3 1/3 1/3 0 0 0 0 1/3 0 1/3 0 0 0 0 1/3 0 2/3 0 0 0 0 1/3 0 2/3 0 0 0 0 0 0 1/3
 1 0 2/3 1/3 0 0 0 0 0 2/3 0 0 0 0 0 0 1/3 1/3 1/3 0 1/3 0 0 0 0 2/3 0 0 1/3 0 0 0 0
 1 0 1/3 2/3 0 0 0 0 0 1/3 0 1/3 1/3 0 0 0 0 2/3 0 0 0 0 0 0 1/3 2/3 0 0 1/3 0 0 0 0
 1 0 1/2 1/2 0 0 0 0 0 1/2 0 1/2 0 0 0 0 0 1/2 1/2 0 0 0 0 0 0 1 0 0 0 0 0 0 0
 1 0 1/2 1/2 0 0 0 0 0 1/2 0 0 1/2 0 0 0 0 1/2 0 0 1/2 0 0 0 0 1/2 0 0 1/2 0 0 0 0
 1 0 2/3 1/3 0 0 0 0 0 1/3 1/3 0 1/3 0 0 0 0 0 0 0 2/3 1/3 0 0 0 1/3 0 0 2/3 0 0 0 0
 1 0 2/3 1/3 0 0 0 0 0 1/3 1/3 1/3 0 0 0 0 0 0 2/3 0 0 0 0 1/3 0 2/3 0 0 1/3 0 0 0 0
 1 0 1/3 2/3 0 0 0 0 0 0 0 2/3 0 0 1/3 0 0 1/3 1/3 1/3 0 0 0 0 0 2/3 0 0 1/3 0 0 0 0
 1 0 1/3 2/3 0 0 0 0 0 0 0 0 2/3 1/3 0 0 0 1/3 0 1/3 1/3 0 0 0 0 1/3 0 0 2/3 0 0 0 0
 1 0 1/3 2/3 0 0 0 0 0 0 1/3 1/3 1/3 0 0 0 0 0 0 2/3 0 0 1/3 0 0 1/3 0 0 2/3 0 0 0 0
 1 0 2/3 1/3 0 0 0 0 0 0 2/3 0 0 0 0 1/3 0 0 1/3 1/3 1/3 0 0 0 0 1/3 0 0 2/3 0 0 0 0
 1 0 1/2 1/2 0 0 0 0 0 0 1/2 1/2 0 0 0 0 0 0 1/2 1/2 0 0 0 0 0 1/2 0 0 1/2 0 0 0 0
 1 0 1/2 1/2 0 0 0 0 0 0 1/2 0 1/2 0 0 0 0 0 0 1/2 1/2 0 0 0 0 0 0 0 1 0 0 0 0
 1 0 1/3 1/3 0 0 1/3 0 0 2/3 0 0 0 0 0 0 1/3 1/3 1/3 0 1/3 0 0 0 0 2/3 0 0 0 0 0 0 1/3
 1 0 1/3 1/3 0 0 1/3 0 0 0 2/3 0 0 0 0 1/3 0 0 1/3 1/3 1/3 0 0 0 0 0 0 0 2/3 1/3 0 0 0
 1 0 1/3 1/3 0 0 0 1/3 0 1/3 0 1/3 1/3 0 0 0 0 2/3 0 0 0 0 0 0 1/3 2/3 0 0 0 0 0 0 1/3
 1 0 1/3 1/3 0 0 0 1/3 0 0 1/3 1/3 1/3 0 0 0 0 0 0 2/3 0 0 1/3 0 0 0 0 0 2/3 1/3 0 0 0
 1 0 1/2 1/2 0 0 0 0 0 1/2 0 1/2 0 0 0 0 0 0 1/2 0 0 0 0 1/2 0 1/2 0 0 0 0 0 1/2 0
 1 0 1/2 1/2 0 0 0 0 0 0 1/2 0 0 0 0 1/2 0 0 0 1/2 0 0 1/2 0 0 1/2 0 0 1/2 0 0 0 0
 1 0 1/2 1/2 0 0 0 0 0 0 1/2 0 0 0 0 1/2 0 0 0 1/2 1/2 0 0 0 0 0 0 0 1/2 0 0 1/2 0
 1 0 1/2 1/2 0 0 0 0 0 0 1/2 0 1/2 0 0 0 0 0 0 0 1/2 1/2 0 0 0 0 0 0 1/2 0 1/2 0 0
 1 0 1/2 1/2 0 0 0 0 0 1/2 0 0 0 0 0 0 1/2 1/2 1/2 0 0 0 0 0 0 1/2 0 0 0 0 1/2 0 0
 1 0 1/2 1/2 0 0 0 0 0 1/2 0 0 0 0 0 0 1/2 1/2 0 0 0 0 0 0 1/2 1/2 0 0 1/2 0 0 0 0
 1 0 1/2 1/2 0 0 0 0 0 1/2 0 1/2 0 0 0 0 0 1/2 0 0 0 0 0 0 1/2 1/2 0 0 0 0 0 1/2 0
 1 0 1/2 1/2 0 0 0 0 0 0 0 1/2 0 0 1/2 0 0 1/2 1/2 0 0 0 0 0 0 1/2 0 0 0 0 1/2 0 0
 1 0 1/2 1/2 0 0 0 0 0 0 1/2 0 1/2 0 0 0 0 0 0 1/2 0 0 1/2 0 0 0 0 0 1/2 0 1/2 0 0
 1 0 1/2 1/2 0 0 0 0 0 0 0 1/2 0 0 1/2 0 0 0 1/2 0 0 0 0 1/2 0 1/2 0 0 1/2 0 0 0 0
 1 0 1/2 1/2 0 0 0 0 0 0 0 0 1/2 1/2 0 0 0 0 0 0 1/2 1/2 0 0 0 1/2 0 0 1/2 0 0 0 0
 1 0 1/2 1/2 0 0 0 0 0 0 0 0 1/2 1/2 0 0 0 0 0 1/2 1/2 0 0 0 0 0 0 0 1/2 0 0 1/2 0
 1 0 1/2 1/2 0 0 0 0 0 1/2 0 0 0 0 0 0 1/2 0 1/2 0 0 0 0 1/2 0 1/2 0 0 1/2 0 0 0 0
 1 0 1/2 1/2 0 0 0 0 0 1/2 0 0 0 0 0 0 1/2 0 0 0 1/2 1/2 0 0 0 1/2 0 0 1/2 0 0 0 0
 1 0 1/2 1/2 0 0 0 0 0 0 0 1/2 0 0 1/2 0 0 0 0 1/2 0 0 1/2 0 0 1/2 0 0 1/2 0 0 0 0
 1 0 1/2 1/2 0 0 0 0 0 0 0 1/2 0 0 1/2 0 0 1/2 0 0 0 0 0 0 1/2 1/2 0 0 1/2 0 0 0 0
 1 0 1/2 1/2 0 0 0 0 0 0 0 0 1/2 1/2 0 0 0 0 0 1/2 0 0 1/2 0 0 1/2 0 0 1/2 0 0 0 0
 1 0 1/2 1/2 0 0 0 0 0 0 0 0 1/2 1/2 0 0 0 1/2 0 0 0 0 0 0 1/2 1/2 0 0 1/2 0 0 0 0
 1 0 1/2 1/2 0 0 0 0 0 0 1/2 0 0 0 0 1/2 0 0 1/2 0 0 0 0 1/2 0 1/2 0 0 1/2 0 0 0 0
 1 0 1/2 1/2 0 0 0 0 0 0 1/2 0 0 0 0 1/2 0 0 0 0 1/2 1/2 0 0 0 1/2 0 0 1/2 0 0 0 0
 1 0 0 2/3 0 0 1/3 0 0 0 0 0 2/3 1/3 0 0 0 2/3 0 0 0 0 0 0 1/3 1/3 1/3 0 1/3 0 0 0 0
 1 0 0 2/3 0 0 1/3 0 0 0 0 0 2/3 1/3 0 0 0 1/3 0 1/3 0 0 1/3 0 0 1/3 1/3 0 1/3 0 0 0 0
 1 0 0 2/3 0 0 1/3 0 0 1/3 0 1/3 1/3 0 0 0 0 2/3 0 0 0 0 0 0 1/3 1/3 1/3 0 0 0 0 1/3 0
 1 0 0 2/3 0 0 1/3 0 0 1/3 0 0 1/3 0 0 0 1/3 2/3 0 0 0 0 0 0 1/3 1/3 1/3 0 1/3 0 0 0 0
 1 0 0 1/3 1/3 0 1/3 0 0 0 0 0 2/3 1/3 0 0 0 1/3 1/3 0 1/3 0 0 0 0 0 2/3 0 0 0 0 1/3 0
 1 0 0 1/2 0 0 1/2 0 0 1/2 0 0 1/2 0 0 0 0 1/2 0 0 1/2 0 0 0 0 0 1/2 0 0 0 0 1/2 0
 1 0 0 1/2 0 0 1/2 0 0 1/2 0 0 1/2 0 0 0 0 1/2 0 0 0 0 1/2 0 0 1/2 1/2 0 0 0 0 0 0
 1 0 0 1/2 0 0 1/2 0 0 0 1/2 0 1/2 0 0 0 0 1/2 0 0 0 0 0 0 1/2 0 1/2 0 1/2 0 0 0 0
 1 0 0 1/2 0 0 1/2 0 0 0 0 0 1/2 1/2 0 0 0 1/2 1/2 0 0 0 0 0 0 1/2 1/2 0 0 0 0 0 0
 1 0 0 2/3 0 0 1/3 0 0 0 0 2/3 0 0 1/3 0 0 1/3 0 1/3 0 0 0 0 1/3 1/3 0 1/3 1/3 0 0 0 0
 1 0 0 2/3 0 0 1/3 0 0 0 0 2/3 0 0 1/3 0 0 0 0 2/3 0 0 1/3 0 0 1/3 0 1/3 1/3 0 0 0 0
 1 0 0 2/3 0 0 1/3 0 0 0 1/3 1/3 1/3 0 0 0 0 0 0 2/3 0 0 1/3 0 0 0 0 1/3 1/3 0 1/3 0 0
 1 0 0 2/3 0 0 1/3 0 0 0 1/3 1/3 0 0 0 1/3 0 0 0 2/3 0 0 1/3 0 0 1/3 0 1/3 1/3 0 0 0 0
 1 0 0 1/3 1/3 0 1/3 0 0 0 0 2/3 0 0 1/3 0 0 0 1/3 1/3 1/3 0 0 0 0 0 0 2/3 0 0 1/3 0 0
 1 0 0 1/2 0 0 1/2 0 0 1/2 0 1/2 0 0 0 0 0 0 0 1/2 0 0 1/2 0 0 1/2 0 1/2 0 0 0 0 0
 1 0 0 1/2 0 0 1/2 0 0 0 1/2 1/2 0 0 0 0 0 0 0 1/2 0 0 0 0 1/2 0 0 1/2 1/2 0 0 0 0
 1 0 0 1/2 0 0 1/2 0 0 0 1/2 1/2 0 0 0 0 0 0 1/2 1/2 0 0 0 0 0 0 0 1/2 0 0 1/2 0 0
 1 0 0 1/2 0 0 1/2 0 0 0 0 1/2 0 0 1/2 0 0 0 0 1/2 1/2 0 0 0 0 0 0 1/2 1/2 0 0 0 0
 1 0 0 2/3 0 0 1/3 0 0 0 1/3 1/3 1/3 0 0 0 0 1/3 0 1/3 0 0 0 0 1/3 0 0 0 2/3 1/3 0 0 0
 1 0 0 2/3 0 0 1/3 0 0 1/3 0 1/3 1/3 0 0 0 0 1/3 0 1/3 0 0 1/3 0 0 2/3 0 0 0 0 0 0 1/3
 1 0 0 1/3 2/3 0 0 0 0 0 0 2/3 1/3 0 0 0 0 0 2/3 0 0 0 0 1/3 0 1/3 1/3 1/3 0 0 0 0 0
 1 0 0 1/3 2/3 0 0 0 0 0 0 1/3 2/3 0 0 0 0 0 0 0 2/3 1/3 0 0 0 0 1/3 1/3 1/3 0 0 0 0
 1 0 0 2/3 1/3 0 0 0 0 0 0 2/3 1/3 0 0 0 0 1/3 1/3 1/3 0 0 0 0 0 2/3 0 0 0 0 0 0 1/3
 1 0 0 2/3 1/3 0 0 0 0 0 0 1/3 2/3 0 0 0 0 1/3 0 1/3 1/3 0 0 0 0 0 0 0 2/3 1/3 0 0 0
 1 0 0 1/3 2/3 0 0 0 0 0 0 2/3 1/3 0 0 0 0 0 1/3 1/3 1/3 0 0 0 0 0 0 2/3 0 0 1/3 0 0
 1 0 0 2/3 1/3 0 0 0 0 0 0 2/3 1/3 0 0 0 0 0 0 2/3 0 0 1/3 0 0 1/3 0 1/3 1/3 0 0 0 0
 1 0 0 1/2 1/2 0 0 0 0 0 0 1 0 0 0 0 0 0 1/2 1/2 0 0 0 0 0 1/2 0 1/2 0 0 0 0 0
 1 0 0 1/2 1/2 0 0 0 0 0 0 1/2 1/2 0 0 0 0 0 0 1/2 1/2 0 0 0 0 0 0 1/2 1/2 0 0 0 0
 1 0 0 1/3 2/3 0 0 0 0 0 0 1/3 2/3 0 0 0 0 1/3 1/3 0 1/3 0 0 0 0 0 2/3 0 0 0 0 1/3 0
 1 0 0 2/3 1/3 0 0 0 0 0 0 1/3 2/3 0 0 0 0 2/3 0 0 0 0 0 0 1/3 1/3 1/3 0 1/3 0 0 0 0
 1 0 0 1/2 1/2 0 0 0 0 0 0 1/2 1/2 0 0 0 0 1/2 1/2 0 0 0 0 0 0 1/2 1/2 0 0 0 0 0 0
 1 0 0 1/2 1/2 0 0 0 0 0 0 0 1 0 0 0 0 1/2 0 0 1/2 0 0 0 0 0 1/2 0 1/2 0 0 0 0
 1 0 0 0 2/3 1/3 0 0 0 0 1/3 1/3 1/3 0 0 0 0 0 2/3 0 0 0 0 1/3 0 0 1/3 1/3 0 0 1/3 0 0
 1 0 0 0 2/3 1/3 0 0 0 1/3 0 1/3 1/3 0 0 0 0 0 0 0 2/3 1/3 0 0 0 0 1/3 1/3 0 0 0 1/3 0
 1 0 0 1/3 1/3 1/3 0 0 0 0 0 2/3 0 0 1/3 0 0 0 0 2/3 0 0 1/3 0 0 1/3 0 1/3 1/3 0 0 0 0
 1 0 0 0 2/3 1/3 0 0 0 0 0 2/3 0 0 1/3 0 0 0 1/3 1/3 1/3 0 0 0 0 0 0 2/3 0 0 1/3 0 0
 1 0 0 0 2/3 1/3 0 0 0 0 0 2/3 0 0 1/3 0 0 0 1/3 1/3 1/3 0 0 0 0 0 1/3 1/3 0 0 0 1/3 0
 1 0 0 0 2/3 1/3 0 0 0 1/3 0 1/3 1/3 0 0 0 0 0 0 1/3 1/3 0 1/3 0 0 0 0 2/3 0 0 1/3 0 0
 1 0 0 0 2/3 1/3 0 0 0 1/3 0 1/3 0 0 0 0 1/3 0 1/3 1/3 1/3 0 0 0 0 0 0 2/3 0 0 1/3 0 0
 1 0 0 0 1/2 1/2 0 0 0 1/2 0 1/2 0 0 0 0 0 0 0 1/2 1/2 0 0 0 0 0 0 1/2 0 0 0 1/2 0
 1 0 0 0 1/2 1/2 0 0 0 1/2 0 1/2 0 0 0 0 0 0 0 1/2 0 0 1/2 0 0 1/2 0 1/2 0 0 0 0 0
 1 0 0 0 1/2 1/2 0 0 0 0 1/2 1/2 0 0 0 0 0 0 1/2 1/2 0 0 0 0 0 0 0 1/2 0 0 1/2 0 0
 1 0 0 0 1/2 1/2 0 0 0 0 0 1/2 0 0 1/2 0 0 0 0 1/2 1/2 0 0 0 0 0 0 1/2 1/2 0 0 0 0
 1 0 0 1/3 1/3 1/3 0 0 0 0 0 0 2/3 1/3 0 0 0 2/3 0 0 0 0 0 0 1/3 1/3 1/3 0 1/3 0 0 0 0
 1 0 0 0 2/3 1/3 0 0 0 0 0 0 2/3 1/3 0 0 0 1/3 1/3 0 1/3 0 0 0 0 0 1/3 1/3 0 0 1/3 0 0
 1 0 0 0 2/3 1/3 0 0 0 0 0 0 2/3 1/3 0 0 0 1/3 1/3 0 1/3 0 0 0 0 0 2/3 0 0 0 0 1/3 0
 1 0 0 0 2/3 1/3 0 0 0 0 1/3 1/3 1/3 0 0 0 0 1/3 1/3 0 0 0 0 0 1/3 0 2/3 0 0 0 0 1/3 0
 1 0 0 0 2/3 1/3 0 0 0 0 1/3 0 1/3 0 0 1/3 0 1/3 1/3 0 1/3 0 0 0 0 0 2/3 0 0 0 0 1/3 0
 1 0 0 0 1/2 1/2 0 0 0 1/2 0 0 1/2 0 0 0 0 1/2 0 0 1/2 0 0 0 0 0 1/2 0 0 0 0 1/2 0
 1 0 0 0 1/2 1/2 0 0 0 0 1/2 0 1/2 0 0 0 0 1/2 0 0 0 0 0 0 1/2 0 1/2 0 1/2 0 0 0 0
 1 0 0 0 1/2 1/2 0 0 0 0 1/2 0 1/2 0 0 0 0 1/2 1/2 0 0 0 0 0 0 0 1/2 0 0 0 1/2 0 0
 1 0 0 0 1/2 1/2 0 0 0 0 0 0 1/2 1/2 0 0 0 1/2 1/2 0 0 0 0 0 0 1/2 1/2 0 0 0 0 0 0
 1 0 0 1 0 0 0 0 0 0 0 0 1 0 0 0 0 0 0 0 0 0 0 1 0 0 0 0 1 0 0 0 0
 1 0 0 1 0 0 0 0 0 0 0 0 1 0 0 0 0 1 0 0 0 0 0 0 0 0 0 0 0 0 1 0 0
 1 0 0 1 0 0 0 0 0 0 0 1 0 0 0 0 0 0 0 0 0 1 0 0 0 1 0 0 0 0 0 0 0
 1 0 0 1 0 0 0 0 0 0 0 1 0 0 0 0 0 0 0 1 0 0 0 0 0 0 0 0 0 0 0 1 0
 1 0 0 1 0 0 0 0 0 0 0 0 0 0 0 0 1 0 0 1 0 0 0 0 0 0 0 0 1 0 0 0 0
 1 0 0 1 0 0 0 0 0 0 0 0 0 0 0 1 0 1 0 0 0 0 0 0 0 1 0 0 0 0 0 0 0
 1 0 0 1/2 0 0 0 0 1/2 0 0 1/2 1/2 0 0 0 0 1/2 0 0 0 0 0 0 1/2 1/2 0 0 1/2 0 0 0 0
 1 0 0 1/2 0 0 0 0 1/2 0 0 1/2 1/2 0 0 0 0 0 0 1/2 0 0 1/2 0 0 1/2 0 0 1/2 0 0 0 0
 1 0 0 1/2 0 0 0 1/2 0 0 0 1/2 1/2 0 0 0 0 1/2 0 1/2 0 0 0 0 0 0 0 0 1/2 1/2 0 0 0
 1 0 0 1/2 0 0 0 1/2 0 0 0 1/2 1/2 0 0 0 0 1/2 0 1/2 0 0 0 0 0 1/2 0 0 0 0 0 0 1/2
 1 0 0 1 0 0 0 0 0 0 0 1/2 1/2 0 0 0 0 1/2 0 1/2 0 0 0 0 0 1/2 0 0 1/2 0 0 0 0
 1 0 0 1/2 0 1/2 0 0 0 0 0 1/2 0 0 1/2 0 0 1/2 0 1/2 0 0 0 0 0 1/2 0 0 1/2 0 0 0 0
 1 0 0 1/2 0 1/2 0 0 0 0 0 0 1/2 1/2 0 0 0 1/2 0 1/2 0 0 0 0 0 1/2 0 0 1/2 0 0 0 0
 1 0 0 1/2 0 0 1/2 0 0 0 1/2 0 1/2 0 0 0 0 0 0 1/2 0 0 1/2 0 0 0 1/2 0 1/2 0 0 0 0
 1 0 0 1/2 0 0 1/2 0 0 0 1/2 1/2 0 0 0 0 0 0 1/2 1/2 0 0 0 0 0 0 0 0 1/2 1/2 0 0 0
 1 0 0 1/2 0 0 1/2 0 0 0 1/2 0 0 0 0 1/2 0 0 0 1/2 1/2 0 0 0 0 0 0 1/2 1/2 0 0 0 0
 1 0 0 2/3 0 0 1/3 0 0 0 1/3 1/3 1/3 0 0 0 0 0 0 2/3 0 0 1/3 0 0 0 0 0 2/3 1/3 0 0 0
 1 0 0 1/2 0 0 1/2 0 0 1/2 0 0 1/2 0 0 0 0 1/2 0 0 1/2 0 0 0 0 1/2 0 0 0 0 0 0 1/2
 1 0 0 1/2 0 0 1/2 0 0 1/2 0 1/2 0 0 0 0 0 1/2 0 0 0 0 0 0 1/2 1/2 0 1/2 0 0 0 0 0
 1 0 0 1/2 0 0 1/2 0 0 1/2 0 0 0 0 0 0 1/2 1/2 1/2 0 0 0 0 0 0 1/2 1/2 0 0 0 0 0 0
 1 0 0 2/3 0 0 1/3 0 0 1/3 0 1/3 1/3 0 0 0 0 2/3 0 0 0 0 0 0 1/3 2/3 0 0 0 0 0 0 1/3
 1 0 0 1/2 1/2 0 0 0 0 0 0 0 1/2 0 0 1/2 0 1/2 0 0 1/2 0 0 0 0 0 0 0 1/2 1/2 0 0 0
 1 0 0 1/2 1/2 0 0 0 0 0 0 1/2 0 0 0 1/2 0 0 0 1/2 0 0 1/2 0 0 1/2 0 1/2 0 0 0 0 0
 1 0 0 1/2 1/2 0 0 0 0 0 0 0 1/2 0 0 1/2 0 1/2 0 0 1/2 0 0 0 0 0 1/2 0 0 0 0 1/2 0
 1 0 0 1/2 1/2 0 0 0 0 0 0 1/2 0 0 0 1/2 0 0 1/2 0 0 0 0 1/2 0 1/2 0 1/2 0 0 0 0 0
 1 0 0 1/2 1/2 0 0 0 0 0 0 1/2 0 0 0 0 1/2 0 1/2 1/2 0 0 0 0 0 0 0 1/2 0 0 1/2 0 0
 1 0 0 1/2 1/2 0 0 0 0 0 0 0 1/2 0 0 0 1/2 0 0 0 1/2 1/2 0 0 0 0 1/2 0 1/2 0 0 0 0
 1 0 0 1/2 1/2 0 0 0 0 0 0 1/2 0 0 0 0 1/2 0 1/2 1/2 0 0 0 0 0 1/2 0 0 0 0 0 0 1/2
 1 0 0 1/2 1/2 0 0 0 0 0 0 0 1/2 0 0 0 1/2 1/2 0 0 0 0 0 0 1/2 0 1/2 0 1/2 0 0 0 0
 1 0 0 1/2 1/2 0 0 0 0 0 0 1/2 1/2 0 0 0 0 1/2 0 0 0 0 0 0 1/2 0 1/2 0 0 0 0 1/2 0
 1 0 0 1/2 1/2 0 0 0 0 0 0 1/2 1/2 0 0 0 0 0 0 0 1/2 1/2 0 0 0 0 0 0 1/2 1/2 0 0 0
 1 0 0 1/2 1/2 0 0 0 0 0 0 1/2 1/2 0 0 0 0 0 0 1/2 0 0 1/2 0 0 0 0 1/2 0 0 1/2 0 0
 1 0 0 1/2 1/2 0 0 0 0 0 0 1/2 1/2 0 0 0 0 0 1/2 0 0 0 0 1/2 0 1/2 0 0 0 0 0 0 1/2
 1 0 0 1/2 1/2 0 0 0 0 0 0 1/2 1/2 0 0 0 0 0 0 0 1/2 1/2 0 0 0 0 0 1/2 0 0 1/2 0 0
 1 0 0 1/2 1/2 0 0 0 0 0 0 1/2 1/2 0 0 0 0 1/2 0 0 0 0 0 0 1/2 1/2 0 0 0 0 0 0 1/2
 1 0 0 1/2 1/2 0 0 0 0 0 0 1/2 1/2 0 0 0 0 0 1/2 0 0 0 0 1/2 0 0 1/2 0 0 0 0 1/2 0
 1 0 0 1/2 1/2 0 0 0 0 0 0 1/2 1/2 0 0 0 0 0 1/2 0 0 0 0 1/2 0 0 0 1/2 0 0 1/2 0 0
 1 0 0 1/2 1/2 0 0 0 0 0 0 1/2 1/2 0 0 0 0 0 0 0 1/2 1/2 0 0 0 0 1/2 0 0 0 0 1/2 0
 1 0 0 1/2 1/2 0 0 0 0 0 0 1/2 1/2 0 0 0 0 0 0 1/2 0 0 1/2 0 0 1/2 0 0 0 0 0 0 1/2
 1 0 0 1/2 1/2 0 0 0 0 0 0 1/2 1/2 0 0 0 0 0 0 1/2 0 0 1/2 0 0 0 0 0 1/2 1/2 0 0 0
 1 0 0 1/2 1/2 0 0 0 0 0 0 1/2 1/2 0 0 0 0 1/2 0 0 0 0 0 0 1/2 0 0 0 1/2 1/2 0 0 0
 1 0 0 0 2/3 1/3 0 0 0 1/3 0 1/3 1/3 0 0 0 0 0 0 0 2/3 1/3 0 0 0 0 0 2/3 0 0 1/3 0 0
 1 0 0 0 1/2 1/2 0 0 0 1/2 0 0 0 0 0 0 1/2 0 0 1/2 1/2 0 0 0 0 0 0 1/2 1/2 0 0 0 0
 1 0 0 0 1/2 1/2 0 0 0 1/2 0 1/2 0 0 0 0 0 0 0 0 1/2 1/2 0 0 0 1/2 0 1/2 0 0 0 0 0
 1 0 0 0 1/2 1/2 0 0 0 1/2 0 0 1/2 0 0 0 0 1/2 0 0 1/2 0 0 0 0 0 0 1/2 0 0 1/2 0 0
 1 0 0 0 2/3 1/3 0 0 0 0 1/3 1/3 1/3 0 0 0 0 0 2/3 0 0 0 0 1/3 0 0 2/3 0 0 0 0 1/3 0
 1 0 0 0 1/2 1/2 0 0 0 0 1/2 0 0 0 0 1/2 0 1/2 1/2 0 0 0 0 0 0 1/2 1/2 0 0 0 0 0 0
 1 0 0 0 1/2 1/2 0 0 0 0 1/2 1/2 0 0 0 0 0 0 1/2 1/2 0 0 0 0 0 0 1/2 0 0 0 0 1/2 0
 1 0 0 0 1/2 1/2 0 0 0 0 1/2 0 1/2 0 0 0 0 0 1/2 0 0 0 0 1/2 0 0 1/2 0 1/2 0 0 0 0
 1 0 0 0 1 0 0 0 0 0 0 0 1 0 0 0 0 0 0 0 1 0 0 0 0 0 0 0 0 0 0 0 1
 1 0 0 0 1 0 0 0 0 0 0 0 1 0 0 0 0 0 0 0 0 0 1 0 0 0 1 0 0 0 0 0 0
 1 0 0 0 1 0 0 0 0 0 0 1 0 0 0 0 0 0 1 0 0 0 0 0 0 0 0 0 0 1 0 0 0
 1 0 0 0 1 0 0 0 0 0 0 1 0 0 0 0 0 0 0 0 0 0 0 0 1 0 0 1 0 0 0 0 0
 1 0 0 0 1 0 0 0 0 0 0 0 0 0 0 0 1 0 1 0 0 0 0 0 0 0 1 0 0 0 0 0 0
 1 0 0 0 1 0 0 0 0 0 0 0 0 0 0 1 0 0 0 0 1 0 0 0 0 0 0 1 0 0 0 0 0
 1 0 0 0 1/2 0 0 0 1/2 0 0 1/2 1/2 0 0 0 0 0 1/2 0 1/2 0 0 0 0 0 0 1/2 0 0 1/2 0 0
 1 0 0 0 1/2 0 0 0 1/2 0 0 1/2 1/2 0 0 0 0 0 1/2 0 1/2 0 0 0 0 0 1/2 0 0 0 0 1/2 0
 1 0 0 0 1/2 0 0 1/2 0 0 0 1/2 1/2 0 0 0 0 0 0 0 1/2 1/2 0 0 0 0 1/2 1/2 0 0 0 0 0
 1 0 0 0 1/2 0 0 1/2 0 0 0 1/2 1/2 0 0 0 0 0 1/2 0 0 0 0 1/2 0 0 1/2 1/2 0 0 0 0 0
 1 0 0 0 1/2 0 1/2 0 0 0 0 0 1/2 1/2 0 0 0 0 1/2 0 1/2 0 0 0 0 0 1/2 1/2 0 0 0 0 0
 1 0 0 0 1/2 0 1/2 0 0 0 0 1/2 0 0 1/2 0 0 0 1/2 0 1/2 0 0 0 0 0 1/2 1/2 0 0 0 0 0
 1 0 0 0 1 0 0 0 0 0 0 1/2 1/2 0 0 0 0 0 1/2 0 1/2 0 0 0 0 0 1/2 1/2 0 0 0 0 0
 1 0 0 0 0 1 0 0 0 0 1 0 0 0 0 0 0 0 0 1 0 0 0 0 0 0 0 0 1 0 0 0 0
 1 0 0 0 0 1 0 0 0 1 0 0 0 0 0 0 0 1 0 0 0 0 0 0 0 1 0 0 0 0 0 0 0
 1 0 0 0 0 0 1 0 0 1 0 0 0 0 0 0 0 0 0 0 1 0 0 0 0 0 0 1 0 0 0 0 0
 1 0 0 0 0 0 1 0 0 0 1 0 0 0 0 0 0 0 1 0 0 0 0 0 0 0 1 0 0 0 0 0 0
 1 0 0 0 0 0 0 1 0 0 0 1 0 0 0 0 0 0 0 1 0 0 0 0 0 0 0 1 0 0 0 0 0
 1 0 0 0 0 0 0 1 0 0 0 0 1 0 0 0 0 1 0 0 0 0 0 0 0 0 1 0 0 0 0 0 0
 1 0 0 0 0 0 0 0 1 0 0 1 0 0 0 0 0 0 1 0 0 0 0 0 0 1 0 0 0 0 0 0 0
 1 0 0 0 0 0 0 0 1 0 0 0 1 0 0 0 0 0 0 0 1 0 0 0 0 0 0 0 1 0 0 0 0
end
hull
